,All people,Males,Females
S00103303,61,30,31
S00103304,153,75,78
S00103305,73,38,35
S00103306,86,42,44
S00103307,86,46,40
S00103308,78,41,37
S00103309,174,87,87
S00103310,57,24,33
S00103311,190,100,90
S00103312,122,71,51
S00103313,166,86,80
S00103314,90,47,43
S00103315,242,132,110
S00103316,246,137,109
S00103317,66,32,34
S00103318,125,64,61
S00103319,86,48,38
S00103320,117,71,46
S00103321,64,36,28
S00103322,68,33,35
S00103323,106,58,48
S00103324,67,32,35
S00103325,130,77,53
S00103326,106,51,55
S00103327,111,57,54
S00103328,69,32,37
S00103329,103,64,39
S00103330,53,30,23
S00103331,91,50,41
S00103332,251,129,122
S00103333,75,37,38
S00103334,60,28,32
S00103335,104,52,52
S00103336,87,49,38
S00103337,55,26,29
S00103338,158,67,91
S00103339,76,39,37
S00103340,81,46,35
S00103341,98,51,47
S00103342,127,49,78
S00103343,88,32,56
S00103344,159,88,71
S00103345,67,36,31
S00103346,94,47,47
S00103347,159,89,70
S00103348,109,54,55
S00103349,92,53,39
S00103350,98,56,42
S00103351,81,38,43
S00103352,73,43,30
S00103353,154,94,60
S00103354,110,54,56
S00103355,104,46,58
S00103356,80,31,49
S00103357,85,45,40
S00103358,99,51,48
S00103359,90,39,51
S00103360,134,72,62
S00103361,96,45,51
S00103362,95,39,56
S00103363,89,34,55
S00103364,121,66,55
S00103365,115,58,57
S00103366,119,63,56
S00103367,68,30,38
S00103368,139,59,80
S00103369,157,67,90
S00103370,103,55,48
S00103371,81,29,52
S00103372,88,42,46
S00103373,133,62,71
S00103374,76,40,36
S00103375,117,62,55
S00103376,58,37,21
S00103377,98,46,52
S00103378,134,73,61
S00103379,95,48,47
S00103380,96,46,50
S00103381,104,53,51
S00103382,108,57,51
S00103383,107,52,55
S00103384,129,59,70
S00103385,80,40,40
S00103386,89,50,39
S00103387,70,25,45
S00103388,79,39,40
S00103389,104,53,51
S00103390,137,66,71
S00103391,65,33,32
S00103392,125,54,71
S00103393,109,50,59
S00103394,102,50,52
S00103395,65,28,37
S00103396,70,28,42
S00103397,84,39,45
S00103398,84,46,38
S00103399,82,39,43
S00103400,90,52,38
S00103401,69,33,36
S00103402,84,20,64
S00103403,76,39,37
S00103404,84,54,30
S00103405,134,74,60
S00103406,125,50,75
S00103407,70,32,38
S00103408,104,54,50
S00103409,99,41,58
S00103410,97,47,50
S00103411,77,45,32
S00103412,77,45,32
S00103413,108,55,53
S00103414,85,40,45
S00103415,128,58,70
S00103416,116,54,62
S00103417,69,35,34
S00103418,91,58,33
S00103419,84,47,37
S00103420,99,39,60
S00103421,88,44,44
S00103422,174,88,86
S00103423,117,49,68
S00103424,134,73,61
S00103425,71,34,37
S00103426,96,55,41
S00103427,87,44,43
S00103428,103,56,47
S00103429,95,50,45
S00103430,98,43,55
S00103431,79,45,34
S00103432,104,47,57
S00103433,89,42,47
S00103434,80,45,35
S00103435,58,33,25
S00103436,106,60,46
S00103437,102,51,51
S00103438,74,42,32
S00103439,84,42,42
S00103440,82,41,41
S00103441,94,51,43
S00103442,62,29,33
S00103443,144,78,66
S00103444,65,34,31
S00103445,135,76,59
S00103446,91,47,44
S00103447,70,32,38
S00103448,186,102,84
S00103449,94,47,47
S00103450,98,40,58
S00103451,138,62,76
S00103452,86,43,43
S00103453,134,65,69
S00103454,148,83,65
S00103455,73,41,32
S00103456,135,81,54
S00103457,86,45,41
S00103458,74,34,40
S00103459,112,58,54
S00103460,108,65,43
S00103461,67,31,36
S00103462,91,51,40
S00103463,84,47,37
S00103464,116,59,57
S00103465,57,28,29
S00103466,51,37,14
S00103467,60,33,27
S00103468,116,69,47
S00103469,71,49,22
S00103470,71,35,36
S00103471,108,73,35
S00103472,87,57,30
S00103473,63,31,32
S00103474,437,213,224
S00103475,75,42,33
S00103476,76,28,48
S00103477,55,29,26
S00103478,112,63,49
S00103479,90,51,39
S00103480,109,58,51
S00103481,106,47,59
S00103482,141,65,76
S00103483,70,39,31
S00103484,98,51,47
S00103485,131,71,60
S00103486,238,98,140
S00103487,126,70,56
S00103488,72,37,35
S00103489,161,84,77
S00103490,103,72,31
S00103491,80,46,34
S00103492,53,33,20
S00103493,69,31,38
S00103494,176,79,97
S00103495,74,39,35
S00103496,77,49,28
S00103497,99,50,49
S00103498,115,61,54
S00103499,154,71,83
S00103500,131,67,64
S00103501,115,48,67
S00103502,105,55,50
S00103503,102,53,49
S00103504,165,70,95
S00103505,140,72,68
S00103506,119,49,70
S00103507,96,53,43
S00103508,80,46,34
S00103509,89,33,56
S00103510,131,63,68
S00103511,97,44,53
S00103512,163,79,84
S00103513,123,63,60
S00103514,50,29,21
S00103515,131,77,54
S00103516,92,43,49
S00103517,69,30,39
S00103518,89,42,47
S00103519,172,99,73
S00103520,68,38,30
S00103521,81,31,50
S00103522,81,36,45
S00103523,133,58,75
S00103524,480,265,215
S00103525,183,82,101
S00103526,142,67,75
S00103527,160,76,84
S00103528,66,29,37
S00103529,59,26,33
S00103530,95,50,45
S00103531,70,30,40
S00103532,59,25,34
S00103533,80,36,44
S00103534,121,64,57
S00103535,97,52,45
S00103536,93,44,49
S00103537,102,50,52
S00103538,96,42,54
S00103539,94,47,47
S00103540,89,46,43
S00103541,118,56,62
S00103542,117,64,53
S00103543,83,35,48
S00103544,114,56,58
S00103545,83,37,46
S00103546,96,40,56
S00103547,87,37,50
S00103548,111,50,61
S00103549,96,53,43
S00103550,112,48,64
S00103551,106,54,52
S00103552,94,47,47
S00103553,59,28,31
S00103554,58,23,35
S00103555,95,52,43
S00103556,89,46,43
S00103557,139,66,73
S00103558,124,54,70
S00103559,85,35,50
S00103560,85,31,54
S00103561,62,28,34
S00103562,69,33,36
S00103563,87,43,44
S00103564,80,44,36
S00103565,87,40,47
S00103566,69,31,38
S00103567,84,44,40
S00103568,69,35,34
S00103569,63,26,37
S00103570,86,34,52
S00103571,76,39,37
S00103572,167,71,96
S00103573,68,21,47
S00103574,161,80,81
S00103575,113,60,53
S00103576,117,67,50
S00103577,107,51,56
S00103578,100,46,54
S00103579,131,63,68
S00103580,94,45,49
S00103581,120,63,57
S00103582,190,99,91
S00103583,139,67,72
S00103584,162,81,81
S00103585,151,69,82
S00103586,150,70,80
S00103587,154,65,89
S00103588,123,59,64
S00103589,132,69,63
S00103590,128,56,72
S00103591,91,38,53
S00103592,108,50,58
S00103593,100,44,56
S00103594,118,57,61
S00103595,120,61,59
S00103596,114,60,54
S00103597,116,49,67
S00103598,100,50,50
S00103599,82,41,41
S00103600,115,55,60
S00103601,99,44,55
S00103602,104,47,57
S00103603,103,43,60
S00103604,67,30,37
S00103605,91,46,45
S00103606,92,40,52
S00103607,103,53,50
S00103608,106,50,56
S00103609,149,81,68
S00103610,70,30,40
S00103611,95,47,48
S00103612,110,45,65
S00103613,92,42,50
S00103614,80,41,39
S00103615,157,68,89
S00103616,86,44,42
S00103617,106,52,54
S00103618,123,58,65
S00103619,105,46,59
S00103620,118,57,61
S00103621,133,72,61
S00103622,55,25,30
S00103623,159,75,84
S00103624,109,53,56
S00103625,119,55,64
S00103626,85,38,47
S00103627,135,62,73
S00103628,64,32,32
S00103629,99,47,52
S00103630,116,59,57
S00103631,103,50,53
S00103632,124,55,69
S00103633,148,72,76
S00103634,91,44,47
S00103635,93,46,47
S00103636,119,60,59
S00103637,83,37,46
S00103638,79,36,43
S00103639,114,53,61
S00103640,81,36,45
S00103641,158,78,80
S00103642,80,29,51
S00103643,109,55,54
S00103644,88,45,43
S00103645,141,78,63
S00103646,130,65,65
S00103647,87,40,47
S00103648,62,31,31
S00103649,208,76,132
S00103650,132,53,79
S00103651,98,40,58
S00103652,117,51,66
S00103653,114,53,61
S00103654,105,45,60
S00103655,164,86,78
S00103656,155,79,76
S00103657,151,76,75
S00103658,82,36,46
S00103659,122,57,65
S00103660,111,49,62
S00103661,135,61,74
S00103662,93,42,51
S00103663,130,57,73
S00103664,118,55,63
S00103665,113,51,62
S00103666,87,34,53
S00103667,109,54,55
S00103668,119,56,63
S00103669,143,71,72
S00103670,108,52,56
S00103671,135,66,69
S00103672,117,66,51
S00103673,124,58,66
S00103674,114,56,58
S00103675,171,77,94
S00103676,60,27,33
S00103677,108,55,53
S00103678,138,79,59
S00103679,120,66,54
S00103680,121,62,59
S00103681,58,33,25
S00103682,70,41,29
S00103683,69,31,38
S00103684,80,38,42
S00103685,82,45,37
S00103686,62,32,30
S00103687,88,41,47
S00103688,96,52,44
S00103689,79,40,39
S00103690,82,38,44
S00103691,108,55,53
S00103692,200,88,112
S00103693,96,46,50
S00103694,235,107,128
S00103695,100,53,47
S00103696,168,71,97
S00103697,108,58,50
S00103698,115,59,56
S00103699,183,92,91
S00103700,118,46,72
S00103701,141,61,80
S00103702,77,39,38
S00103703,264,130,134
S00103704,162,81,81
S00103705,107,57,50
S00103706,120,77,43
S00103707,108,66,42
S00103708,76,35,41
S00103709,61,35,26
S00103710,90,50,40
S00103711,87,60,27
S00103712,91,31,60
S00103713,74,38,36
S00103714,53,25,28
S00103715,121,58,63
S00103716,100,47,53
S00103717,101,47,54
S00103718,77,32,45
S00103719,59,31,28
S00103720,53,26,27
S00103721,92,43,49
S00103722,91,60,31
S00103723,103,50,53
S00103724,120,61,59
S00103725,96,47,49
S00103726,98,47,51
S00103727,83,43,40
S00103728,107,51,56
S00103729,151,78,73
S00103730,141,59,82
S00103731,170,60,110
S00103732,105,52,53
S00103733,128,70,58
S00103734,104,60,44
S00103735,140,69,71
S00103736,68,29,39
S00103737,82,41,41
S00103738,97,51,46
S00103739,136,62,74
S00103740,126,67,59
S00103741,94,49,45
S00103742,118,58,60
S00103743,61,35,26
S00103744,132,67,65
S00103745,111,45,66
S00103746,109,49,60
S00103747,87,41,46
S00103748,121,60,61
S00103749,78,39,39
S00103750,175,84,91
S00103751,143,72,71
S00103752,87,43,44
S00103753,76,42,34
S00103754,182,98,84
S00103755,190,88,102
S00103756,136,59,77
S00103757,181,67,114
S00103758,136,57,79
S00103759,111,64,47
S00103760,112,71,41
S00103761,149,72,77
S00103762,154,80,74
S00103763,127,58,69
S00103764,72,32,40
S00103765,112,48,64
S00103766,164,82,82
S00103767,94,41,53
S00103768,52,27,25
S00103769,149,68,81
S00103770,98,43,55
S00103771,124,50,74
S00103772,87,48,39
S00103773,106,49,57
S00103774,131,69,62
S00103775,130,67,63
S00103776,145,70,75
S00103777,127,57,70
S00103778,147,72,75
S00103779,90,43,47
S00103780,86,39,47
S00103781,121,57,64
S00103782,125,62,63
S00103783,95,47,48
S00103784,130,65,65
S00103785,121,61,60
S00103786,137,70,67
S00103787,111,57,54
S00103788,146,65,81
S00103789,109,51,58
S00103790,142,70,72
S00103791,151,66,85
S00103792,131,63,68
S00103793,136,71,65
S00103794,93,43,50
S00103795,177,85,92
S00103796,176,84,92
S00103797,101,43,58
S00103798,124,60,64
S00103799,129,69,60
S00103800,119,53,66
S00103801,114,57,57
S00103802,85,40,45
S00103803,122,62,60
S00103804,143,73,70
S00103805,159,72,87
S00103806,72,36,36
S00103807,140,66,74
S00103808,140,59,81
S00103809,177,84,93
S00103810,163,82,81
S00103811,154,69,85
S00103812,59,25,34
S00103813,61,32,29
S00103814,140,68,72
S00103815,86,41,45
S00103816,110,48,62
S00103817,127,59,68
S00103818,91,38,53
S00103819,173,79,94
S00103820,139,61,78
S00103821,136,66,70
S00103822,158,80,78
S00103823,97,43,54
S00103824,117,55,62
S00103825,133,64,69
S00103826,140,68,72
S00103827,149,85,64
S00103828,188,94,94
S00103829,163,80,83
S00103830,103,47,56
S00103831,170,86,84
S00103832,155,80,75
S00103833,118,58,60
S00103834,61,23,38
S00103835,104,49,55
S00103836,67,29,38
S00103837,148,75,73
S00103838,143,68,75
S00103839,222,112,110
S00103840,99,42,57
S00103841,91,46,45
S00103842,69,33,36
S00103843,136,60,76
S00103844,87,43,44
S00103845,129,57,72
S00103846,131,68,63
S00103847,69,39,30
S00103848,103,48,55
S00103849,71,33,38
S00103850,104,50,54
S00103851,98,40,58
S00103852,67,36,31
S00103853,108,47,61
S00103854,112,57,55
S00103855,104,50,54
S00103856,107,49,58
S00103857,130,63,67
S00103858,94,45,49
S00103859,173,80,93
S00103860,129,58,71
S00103861,109,52,57
S00103862,128,57,71
S00103863,102,41,61
S00103864,119,62,57
S00103865,118,57,61
S00103866,108,48,60
S00103867,80,41,39
S00103868,134,58,76
S00103869,101,51,50
S00103870,92,47,45
S00103871,94,36,58
S00103872,120,52,68
S00103873,87,32,55
S00103874,85,37,48
S00103875,108,53,55
S00103876,142,70,72
S00103877,84,35,49
S00103878,169,88,81
S00103879,102,46,56
S00103880,97,50,47
S00103881,98,49,49
S00103882,115,55,60
S00103883,132,53,79
S00103884,107,48,59
S00103885,116,61,55
S00103886,59,25,34
S00103887,67,30,37
S00103888,115,50,65
S00103889,113,53,60
S00103890,78,35,43
S00103891,93,40,53
S00103892,165,80,85
S00103893,144,70,74
S00103894,112,52,60
S00103895,235,125,110
S00103896,104,47,57
S00103897,70,34,36
S00103898,88,45,43
S00103899,85,39,46
S00103900,89,41,48
S00103901,88,44,44
S00103902,134,59,75
S00103903,148,78,70
S00103904,109,54,55
S00103905,169,88,81
S00103906,127,65,62
S00103907,131,60,71
S00103908,111,53,58
S00103909,95,51,44
S00103910,86,39,47
S00103911,90,39,51
S00103912,117,50,67
S00103913,80,37,43
S00103914,106,49,57
S00103915,146,65,81
S00103916,95,49,46
S00103917,73,35,38
S00103918,133,64,69
S00103919,139,69,70
S00103920,67,37,30
S00103921,88,43,45
S00103922,100,46,54
S00103923,88,36,52
S00103924,116,58,58
S00103925,115,47,68
S00103926,95,37,58
S00103927,92,49,43
S00103928,101,51,50
S00103929,109,53,56
S00103930,94,45,49
S00103931,107,53,54
S00103932,84,36,48
S00103933,89,38,51
S00103934,103,47,56
S00103935,101,54,47
S00103936,109,52,57
S00103937,100,58,42
S00103938,82,39,43
S00103939,71,29,42
S00103940,81,42,39
S00103941,124,68,56
S00103942,133,68,65
S00103943,146,60,86
S00103944,95,41,54
S00103945,84,43,41
S00103946,67,33,34
S00103947,147,69,78
S00103948,64,27,37
S00103949,71,34,37
S00103950,78,33,45
S00103951,105,54,51
S00103952,84,35,49
S00103953,113,50,63
S00103954,106,58,48
S00103955,77,36,41
S00103956,55,28,27
S00103957,134,69,65
S00103958,136,69,67
S00103959,76,35,41
S00103960,93,48,45
S00103961,114,47,67
S00103962,82,43,39
S00103963,96,42,54
S00103964,124,58,66
S00103965,104,55,49
S00103966,89,48,41
S00103967,118,56,62
S00103968,61,33,28
S00103969,121,55,66
S00103970,116,61,55
S00103971,60,31,29
S00103972,130,60,70
S00103973,69,37,32
S00103974,156,83,73
S00103975,104,56,48
S00103976,84,39,45
S00103977,180,83,97
S00103978,153,72,81
S00103979,166,86,80
S00103980,94,54,40
S00103981,137,66,71
S00103982,136,61,75
S00103983,144,71,73
S00103984,93,34,59
S00103985,131,59,72
S00103986,133,65,68
S00103987,112,53,59
S00103988,117,63,54
S00103989,96,44,52
S00103990,108,45,63
S00103991,96,46,50
S00103992,80,35,45
S00103993,101,43,58
S00103994,93,43,50
S00103995,117,57,60
S00103996,151,81,70
S00103997,89,46,43
S00103998,89,48,41
S00103999,94,49,45
S00104000,92,57,35
S00104001,58,25,33
S00104002,124,63,61
S00104003,177,86,91
S00104004,86,43,43
S00104005,139,74,65
S00104006,89,46,43
S00104007,105,50,55
S00104008,92,35,57
S00104009,81,38,43
S00104010,164,86,78
S00104011,159,74,85
S00104012,104,52,52
S00104013,98,51,47
S00104014,98,42,56
S00104015,84,37,47
S00104016,97,52,45
S00104017,181,76,105
S00104018,186,94,92
S00104019,128,53,75
S00104020,149,72,77
S00104021,111,59,52
S00104022,110,43,67
S00104023,118,43,75
S00104024,122,56,66
S00104025,168,62,106
S00104026,168,89,79
S00104027,139,66,73
S00104028,59,32,27
S00104029,176,85,91
S00104030,128,56,72
S00104031,102,46,56
S00104032,56,29,27
S00104033,55,18,37
S00104034,144,70,74
S00104035,86,42,44
S00104036,115,59,56
S00104037,106,52,54
S00104038,118,57,61
S00104039,121,60,61
S00104040,117,58,59
S00104041,73,34,39
S00104042,97,48,49
S00104043,64,25,39
S00104044,66,39,27
S00104045,68,32,36
S00104046,167,76,91
S00104047,135,71,64
S00104048,74,36,38
S00104049,114,58,56
S00104050,98,43,55
S00104051,138,76,62
S00104052,104,52,52
S00104053,99,48,51
S00104054,86,35,51
S00104055,140,75,65
S00104056,97,44,53
S00104057,143,59,84
S00104058,60,25,35
S00104059,96,39,57
S00104060,114,57,57
S00104061,137,68,69
S00104062,113,60,53
S00104063,103,47,56
S00104064,101,44,57
S00104065,114,57,57
S00104066,112,57,55
S00104067,156,70,86
S00104068,64,33,31
S00104069,85,35,50
S00104070,117,54,63
S00104071,110,55,55
S00104072,115,53,62
S00104073,131,66,65
S00104074,80,38,42
S00104075,90,41,49
S00104076,109,52,57
S00104077,123,58,65
S00104078,94,42,52
S00104079,81,33,48
S00104080,87,37,50
S00104081,86,45,41
S00104082,69,32,37
S00104083,107,55,52
S00104084,91,44,47
S00104085,125,67,58
S00104086,118,55,63
S00104087,159,59,100
S00104088,116,63,53
S00104089,132,58,74
S00104090,87,53,34
S00104091,110,62,48
S00104092,147,68,79
S00104093,201,94,107
S00104094,180,97,83
S00104095,123,61,62
S00104096,111,51,60
S00104097,74,30,44
S00104098,56,27,29
S00104099,112,46,66
S00104100,128,65,63
S00104101,125,68,57
S00104102,140,74,66
S00104103,139,76,63
S00104104,87,43,44
S00104105,64,32,32
S00104106,83,38,45
S00104107,138,76,62
S00104108,85,47,38
S00104109,65,32,33
S00104110,95,49,46
S00104111,74,42,32
S00104112,103,54,49
S00104113,115,52,63
S00104114,111,55,56
S00104115,76,42,34
S00104116,163,77,86
S00104117,99,43,56
S00104118,96,44,52
S00104119,119,52,67
S00104120,152,72,80
S00104121,88,43,45
S00104122,98,54,44
S00104123,127,77,50
S00104124,166,78,88
S00104125,95,57,38
S00104126,85,44,41
S00104127,74,35,39
S00104128,75,33,42
S00104129,109,60,49
S00104130,60,36,24
S00104131,75,29,46
S00104132,73,36,37
S00104133,80,55,25
S00104134,102,57,45
S00104135,62,27,35
S00104136,96,47,49
S00104137,78,33,45
S00104138,68,32,36
S00104139,88,34,54
S00104140,76,37,39
S00104141,149,82,67
S00104142,60,29,31
S00104143,144,77,67
S00104144,161,76,85
S00104145,121,57,64
S00104146,126,64,62
S00104147,56,29,27
S00104148,102,54,48
S00104149,72,38,34
S00104150,93,44,49
S00104151,147,69,78
S00104152,91,56,35
S00104153,158,78,80
S00104154,113,61,52
S00104155,126,66,60
S00104156,61,32,29
S00104157,83,48,35
S00104158,114,63,51
S00104159,78,41,37
S00104160,128,64,64
S00104161,102,41,61
S00104162,125,69,56
S00104163,92,46,46
S00104164,88,47,41
S00104165,75,39,36
S00104166,149,75,74
S00104167,153,76,77
S00104168,79,35,44
S00104169,112,60,52
S00104170,88,42,46
S00104171,107,56,51
S00104172,61,34,27
S00104173,104,58,46
S00104174,89,49,40
S00104175,54,16,38
S00104176,114,60,54
S00104177,125,59,66
S00104178,112,45,67
S00104179,126,58,68
S00104180,114,57,57
S00104181,98,38,60
S00104182,138,67,71
S00104183,106,45,61
S00104184,108,47,61
S00104185,135,72,63
S00104186,97,47,50
S00104187,68,31,37
S00104188,71,40,31
S00104189,115,69,46
S00104190,116,66,50
S00104191,79,42,37
S00104192,93,49,44
S00104193,98,55,43
S00104194,75,30,45
S00104195,113,62,51
S00104196,82,37,45
S00104197,111,58,53
S00104198,60,37,23
S00104199,98,59,39
S00104200,98,57,41
S00104201,96,64,32
S00104202,82,50,32
S00104203,131,75,56
S00104204,109,52,57
S00104205,101,61,40
S00104206,129,63,66
S00104207,116,53,63
S00104208,78,37,41
S00104209,66,40,26
S00104210,64,33,31
S00104211,161,74,87
S00104212,127,58,69
S00104213,121,64,57
S00104214,118,62,56
S00104215,116,62,54
S00104216,118,65,53
S00104217,61,26,35
S00104218,157,72,85
S00104219,77,38,39
S00104220,113,58,55
S00104221,135,68,67
S00104222,82,48,34
S00104223,116,56,60
S00104224,113,52,61
S00104225,96,47,49
S00104226,124,58,66
S00104227,116,55,61
S00104228,122,58,64
S00104229,117,57,60
S00104230,103,45,58
S00104231,121,44,77
S00104232,172,82,90
S00104233,174,80,94
S00104234,120,58,62
S00104235,96,51,45
S00104236,89,45,44
S00104237,67,31,36
S00104238,97,46,51
S00104239,81,48,33
S00104240,65,29,36
S00104241,80,36,44
S00104242,122,62,60
S00104243,101,43,58
S00104244,58,32,26
S00104245,92,55,37
S00104246,102,50,52
S00104247,57,34,23
S00104248,107,52,55
S00104249,73,36,37
S00104250,86,53,33
S00104251,57,31,26
S00104252,58,31,27
S00104253,80,50,30
S00104254,62,31,31
S00104255,118,56,62
S00104256,88,48,40
S00104257,92,52,40
S00104258,100,44,56
S00104259,66,29,37
S00104260,114,64,50
S00104261,71,35,36
S00104262,116,52,64
S00104263,79,41,38
S00104264,100,55,45
S00104265,131,77,54
S00104266,61,35,26
S00104267,151,62,89
S00104268,114,50,64
S00104269,59,26,33
S00104270,139,68,71
S00104271,84,40,44
S00104272,146,68,78
S00104273,90,41,49
S00104274,84,43,41
S00104275,65,38,27
S00104276,54,25,29
S00104277,128,70,58
S00104278,106,58,48
S00104279,131,83,48
S00104280,128,63,65
S00104281,148,75,73
S00104282,131,62,69
S00104283,132,53,79
S00104284,80,39,41
S00104285,67,32,35
S00104286,138,68,70
S00104287,100,56,44
S00104288,105,41,64
S00104289,65,35,30
S00104290,80,42,38
S00104291,79,37,42
S00104292,77,31,46
S00104293,108,49,59
S00104294,177,89,88
S00104295,109,48,61
S00104296,102,49,53
S00104297,125,58,67
S00104298,113,53,60
S00104299,65,31,34
S00104300,116,49,67
S00104301,123,53,70
S00104302,85,37,48
S00104303,131,58,73
S00104304,106,52,54
S00104305,107,58,49
S00104306,120,51,69
S00104307,86,36,50
S00104308,100,48,52
S00104309,103,49,54
S00104310,123,54,69
S00104311,114,56,58
S00104312,80,40,40
S00104313,75,33,42
S00104314,130,67,63
S00104315,88,48,40
S00104316,125,72,53
S00104317,110,53,57
S00104318,89,46,43
S00104319,58,28,30
S00104320,66,34,32
S00104321,109,49,60
S00104322,79,35,44
S00104323,97,51,46
S00104324,121,52,69
S00104325,135,59,76
S00104326,170,82,88
S00104327,74,35,39
S00104328,71,29,42
S00104329,87,53,34
S00104330,86,38,48
S00104331,102,41,61
S00104332,141,58,83
S00104333,125,55,70
S00104334,115,56,59
S00104335,103,47,56
S00104336,149,74,75
S00104337,169,82,87
S00104338,179,87,92
S00104339,132,67,65
S00104340,69,35,34
S00104341,62,27,35
S00104342,64,29,35
S00104343,100,53,47
S00104344,92,52,40
S00104345,70,45,25
S00104346,75,38,37
S00104347,129,61,68
S00104348,124,52,72
S00104349,106,55,51
S00104350,90,46,44
S00104351,84,36,48
S00104352,75,29,46
S00104353,96,49,47
S00104354,83,38,45
S00104355,155,84,71
S00104356,64,38,26
S00104357,132,74,58
S00104358,74,51,23
S00104359,149,83,66
S00104360,100,40,60
S00104361,83,36,47
S00104362,108,56,52
S00104363,63,31,32
S00104364,87,42,45
S00104365,170,93,77
S00104366,115,55,60
S00104367,73,37,36
S00104368,89,41,48
S00104369,116,62,54
S00104370,94,47,47
S00104371,65,31,34
S00104372,62,30,32
S00104373,85,47,38
S00104374,115,51,64
S00104375,106,45,61
S00104376,103,48,55
S00104377,108,55,53
S00104378,74,37,37
S00104379,111,49,62
S00104380,91,47,44
S00104381,104,53,51
S00104382,69,39,30
S00104383,107,50,57
S00104384,74,31,43
S00104385,67,34,33
S00104386,99,51,48
S00104387,115,56,59
S00104388,95,47,48
S00104389,91,48,43
S00104390,118,48,70
S00104391,93,48,45
S00104392,88,39,49
S00104393,107,56,51
S00104394,63,32,31
S00104395,78,38,40
S00104396,92,43,49
S00104397,104,59,45
S00104398,99,57,42
S00104399,82,41,41
S00104400,71,37,34
S00104401,83,32,51
S00104402,63,28,35
S00104403,118,65,53
S00104404,111,50,61
S00104405,78,35,43
S00104406,122,50,72
S00104407,65,36,29
S00104408,80,38,42
S00104409,81,43,38
S00104410,139,66,73
S00104411,115,59,56
S00104412,78,35,43
S00104413,103,52,51
S00104414,61,27,34
S00104415,52,24,28
S00104416,103,52,51
S00104417,74,38,36
S00104418,85,48,37
S00104419,126,65,61
S00104420,75,36,39
S00104421,93,41,52
S00104422,131,64,67
S00104423,84,46,38
S00104424,88,34,54
S00104425,116,64,52
S00104426,55,29,26
S00104427,58,28,30
S00104428,80,41,39
S00104429,76,28,48
S00104430,78,37,41
S00104431,87,43,44
S00104432,59,35,24
S00104433,90,39,51
S00104434,105,50,55
S00104435,63,40,23
S00104436,106,52,54
S00104437,120,59,61
S00104438,97,47,50
S00104439,63,30,33
S00104440,112,60,52
S00104441,100,59,41
S00104442,70,38,32
S00104443,60,30,30
S00104444,83,45,38
S00104445,114,56,58
S00104446,85,42,43
S00104447,108,61,47
S00104448,80,50,30
S00104449,85,48,37
S00104450,59,32,27
S00104451,135,66,69
S00104452,108,61,47
S00104453,66,30,36
S00104454,83,50,33
S00104455,143,80,63
S00104456,123,65,58
S00104457,91,50,41
S00104458,100,44,56
S00104459,179,65,114
S00104460,57,31,26
S00104461,70,42,28
S00104462,147,66,81
S00104463,103,53,50
S00104464,105,47,58
S00104465,56,35,21
S00104466,83,45,38
S00104467,63,33,30
S00104468,124,56,68
S00104469,90,44,46
S00104470,126,68,58
S00104471,119,65,54
S00104472,100,51,49
S00104473,140,59,81
S00104474,131,69,62
S00104475,127,57,70
S00104476,114,45,69
S00104477,101,48,53
S00104478,118,59,59
S00104479,83,30,53
S00104480,90,49,41
S00104481,66,29,37
S00104482,104,57,47
S00104483,70,35,35
S00104484,111,58,53
S00104485,95,40,55
S00104486,112,49,63
S00104487,129,64,65
S00104488,103,56,47
S00104489,113,63,50
S00104490,113,55,58
S00104491,112,51,61
S00104492,63,32,31
S00104493,100,44,56
S00104494,102,50,52
S00104495,212,108,104
S00104496,114,54,60
S00104497,117,48,69
S00104498,81,41,40
S00104499,89,42,47
S00104500,80,35,45
S00104501,71,35,36
S00104502,98,46,52
S00104503,86,36,50
S00104504,118,55,63
S00104505,164,81,83
S00104506,136,65,71
S00104507,114,58,56
S00104508,125,57,68
S00104509,106,48,58
S00104510,111,54,57
S00104511,94,43,51
S00104512,101,43,58
S00104513,102,43,59
S00104514,134,68,66
S00104515,115,55,60
S00104516,136,66,70
S00104517,145,72,73
S00104518,112,51,61
S00104519,112,55,57
S00104520,111,50,61
S00104521,62,23,39
S00104522,116,56,60
S00104523,55,41,14
S00104524,59,37,22
S00104525,57,35,22
S00104526,74,36,38
S00104527,120,54,66
S00104528,66,32,34
S00104529,72,29,43
S00104530,79,42,37
S00104531,90,43,47
S00104532,83,36,47
S00104533,78,33,45
S00104534,101,50,51
S00104535,89,48,41
S00104536,97,37,60
S00104537,68,21,47
S00104538,164,64,100
S00104539,97,42,55
S00104540,148,61,87
S00104541,99,50,49
S00104542,127,60,67
S00104543,79,27,52
S00104544,101,48,53
S00104545,120,60,60
S00104546,118,65,53
S00104547,121,55,66
S00104548,134,69,65
S00104549,91,48,43
S00104550,114,67,47
S00104551,89,40,49
S00104552,131,76,55
S00104553,106,54,52
S00104554,112,52,60
S00104555,108,52,56
S00104556,95,45,50
S00104557,66,29,37
S00104558,79,33,46
S00104559,110,47,63
S00104560,96,39,57
S00104561,102,54,48
S00104562,89,37,52
S00104563,77,33,44
S00104564,70,34,36
S00104565,188,84,104
S00104566,119,64,55
S00104567,114,59,55
S00104568,102,48,54
S00104569,123,63,60
S00104570,104,56,48
S00104571,102,53,49
S00104572,107,48,59
S00104573,126,64,62
S00104574,69,36,33
S00104575,116,58,58
S00104576,95,48,47
S00104577,110,52,58
S00104578,100,52,48
S00104579,111,54,57
S00104580,129,66,63
S00104581,148,79,69
S00104582,81,35,46
S00104583,155,81,74
S00104584,73,32,41
S00104585,143,76,67
S00104586,98,48,50
S00104587,107,49,58
S00104588,64,31,33
S00104589,118,54,64
S00104590,106,55,51
S00104591,83,45,38
S00104592,165,77,88
S00104593,98,45,53
S00104594,90,44,46
S00104595,86,43,43
S00104596,97,46,51
S00104597,106,47,59
S00104598,67,23,44
S00104599,114,65,49
S00104600,115,60,55
S00104601,149,81,68
S00104602,77,35,42
S00104603,78,31,47
S00104604,79,38,41
S00104605,92,45,47
S00104606,96,45,51
S00104607,101,47,54
S00104608,107,53,54
S00104609,125,62,63
S00104610,122,62,60
S00104611,141,69,72
S00104612,73,37,36
S00104613,119,59,60
S00104614,156,79,77
S00104615,151,77,74
S00104616,98,40,58
S00104617,98,52,46
S00104618,92,45,47
S00104619,121,57,64
S00104620,111,52,59
S00104621,69,28,41
S00104622,90,46,44
S00104623,144,72,72
S00104624,96,40,56
S00104625,98,41,57
S00104626,63,27,36
S00104627,88,38,50
S00104628,93,48,45
S00104629,72,35,37
S00104630,93,47,46
S00104631,91,42,49
S00104632,123,59,64
S00104633,130,63,67
S00104634,124,57,67
S00104635,128,67,61
S00104636,111,54,57
S00104637,66,26,40
S00104638,128,60,68
S00104639,143,68,75
S00104640,72,31,41
S00104641,121,64,57
S00104642,78,38,40
S00104643,70,32,38
S00104644,73,42,31
S00104645,73,37,36
S00104646,105,47,58
S00104647,56,33,23
S00104648,62,24,38
S00104649,67,30,37
S00104650,60,27,33
S00104651,87,40,47
S00104652,72,31,41
S00104653,86,48,38
S00104654,74,39,35
S00104655,96,52,44
S00104656,87,49,38
S00104657,110,53,57
S00104658,139,74,65
S00104659,120,69,51
S00104660,106,53,53
S00104661,217,104,113
S00104662,126,75,51
S00104663,113,46,67
S00104664,136,68,68
S00104665,146,75,71
S00104666,154,71,83
S00104667,99,47,52
S00104668,184,87,97
S00104669,191,106,85
S00104670,105,44,61
S00104671,128,73,55
S00104672,197,75,122
S00104673,117,55,62
S00104674,83,42,41
S00104675,164,88,76
S00104676,133,78,55
S00104677,129,67,62
S00104678,85,40,45
S00104679,121,65,56
S00104680,124,69,55
S00104681,116,62,54
S00104682,151,78,73
S00104683,131,62,69
S00104684,92,41,51
S00104685,123,67,56
S00104686,86,44,42
S00104687,94,47,47
S00104688,110,51,59
S00104689,105,42,63
S00104690,100,37,63
S00104691,104,54,50
S00104692,82,37,45
S00104693,111,63,48
S00104694,115,54,61
S00104695,117,60,57
S00104696,112,57,55
S00104697,108,52,56
S00104698,98,44,54
S00104699,88,44,44
S00104700,384,138,246
S00104701,97,58,39
S00104702,86,48,38
S00104703,147,55,92
S00104704,57,28,29
S00104705,73,43,30
S00104706,88,40,48
S00104707,151,69,82
S00104708,126,57,69
S00104709,97,54,43
S00104710,200,79,121
S00104711,166,83,83
S00104712,170,74,96
S00104713,223,126,97
S00104714,165,80,85
S00104715,130,58,72
S00104716,164,69,95
S00104717,156,56,100
S00104718,105,40,65
S00104719,155,79,76
S00104720,221,109,112
S00104721,133,74,59
S00104722,130,76,54
S00104723,111,41,70
S00104724,149,73,76
S00104725,175,77,98
S00104726,221,110,111
S00104727,182,92,90
S00104728,137,56,81
S00104729,213,97,116
S00104730,170,77,93
S00104731,97,37,60
S00104732,116,72,44
S00104733,138,71,67
S00104734,95,38,57
S00104735,157,67,90
S00104736,198,109,89
S00104737,131,65,66
S00104738,189,74,115
S00104739,108,56,52
S00104740,155,81,74
S00104741,82,24,58
S00104742,139,48,91
S00104743,165,82,83
S00104744,143,74,69
S00104745,95,37,58
S00104746,145,72,73
S00104747,109,55,54
S00104748,117,58,59
S00104749,100,46,54
S00104750,144,79,65
S00104751,79,39,40
S00104752,125,57,68
S00104753,101,54,47
S00104754,127,57,70
S00104755,86,43,43
S00104756,122,52,70
S00104757,122,69,53
S00104758,66,34,32
S00104759,97,36,61
S00104760,118,63,55
S00104761,123,48,75
S00104762,75,38,37
S00104763,115,55,60
S00104764,176,96,80
S00104765,123,57,66
S00104766,121,60,61
S00104767,164,87,77
S00104768,152,87,65
S00104769,366,140,226
S00104770,94,40,54
S00104771,112,65,47
S00104772,113,49,64
S00104773,60,32,28
S00104774,56,28,28
S00104775,126,64,62
S00104776,121,61,60
S00104777,98,47,51
S00104778,100,62,38
S00104779,67,40,27
S00104780,105,51,54
S00104781,85,47,38
S00104782,131,66,65
S00104783,112,56,56
S00104784,109,44,65
S00104785,148,72,76
S00104786,114,45,69
S00104787,94,40,54
S00104788,73,33,40
S00104789,147,69,78
S00104790,177,74,103
S00104791,130,57,73
S00104792,157,51,106
S00104793,59,21,38
S00104794,65,29,36
S00104795,75,33,42
S00104796,107,36,71
S00104797,148,73,75
S00104798,185,83,102
S00104799,196,91,105
S00104800,85,20,65
S00104801,112,47,65
S00104802,179,78,101
S00104803,140,68,72
S00104804,110,42,68
S00104805,124,58,66
S00104806,120,56,64
S00104807,128,63,65
S00104808,124,63,61
S00104809,134,59,75
S00104810,136,67,69
S00104811,138,63,75
S00104812,99,51,48
S00104813,99,42,57
S00104814,59,25,34
S00104815,111,61,50
S00104816,140,72,68
S00104817,76,40,36
S00104818,150,83,67
S00104819,154,82,72
S00104820,203,105,98
S00104821,100,47,53
S00104822,116,64,52
S00104823,154,73,81
S00104824,142,74,68
S00104825,152,70,82
S00104826,163,86,77
S00104827,112,63,49
S00104828,131,64,67
S00104829,196,107,89
S00104830,133,68,65
S00104831,126,63,63
S00104832,107,55,52
S00104833,135,67,68
S00104834,109,53,56
S00104835,124,73,51
S00104836,162,83,79
S00104837,139,67,72
S00104838,126,58,68
S00104839,136,65,71
S00104840,135,58,77
S00104841,102,62,40
S00104842,175,81,94
S00104843,161,69,92
S00104844,127,57,70
S00104845,73,39,34
S00104846,92,41,51
S00104847,108,51,57
S00104848,68,39,29
S00104849,79,35,44
S00104850,114,48,66
S00104851,205,94,111
S00104852,180,82,98
S00104853,91,47,44
S00104854,119,68,51
S00104855,94,59,35
S00104856,134,63,71
S00104857,170,96,74
S00104858,141,73,68
S00104859,152,75,77
S00104860,126,61,65
S00104861,95,44,51
S00104862,107,62,45
S00104863,88,49,39
S00104864,83,39,44
S00104865,88,36,52
S00104866,70,35,35
S00104867,79,40,39
S00104868,105,46,59
S00104869,79,35,44
S00104870,176,103,73
S00104871,127,63,64
S00104872,69,27,42
S00104873,146,59,87
S00104874,101,46,55
S00104875,126,54,72
S00104876,124,64,60
S00104877,78,30,48
S00104878,75,25,50
S00104879,93,39,54
S00104880,105,51,54
S00104881,89,42,47
S00104882,149,54,95
S00104883,78,40,38
S00104884,94,35,59
S00104885,70,31,39
S00104886,156,65,91
S00104887,143,70,73
S00104888,119,55,64
S00104889,210,91,119
S00104890,138,63,75
S00104891,201,88,113
S00104892,157,65,92
S00104893,118,58,60
S00104894,87,40,47
S00104895,98,52,46
S00104896,82,28,54
S00104897,136,68,68
S00104898,110,45,65
S00104899,149,68,81
S00104900,107,58,49
S00104901,84,42,42
S00104902,346,170,176
S00104903,155,84,71
S00104904,73,29,44
S00104905,92,46,46
S00104906,181,88,93
S00104907,130,74,56
S00104908,153,75,78
S00104909,106,52,54
S00104910,87,38,49
S00104911,99,51,48
S00104912,131,57,74
S00104913,71,36,35
S00104914,183,78,105
S00104915,123,56,67
S00104916,127,62,65
S00104917,58,34,24
S00104918,115,52,63
S00104919,155,81,74
S00104920,159,84,75
S00104921,133,61,72
S00104922,113,53,60
S00104923,110,53,57
S00104924,52,27,25
S00104925,176,101,75
S00104926,132,61,71
S00104927,152,79,73
S00104928,62,30,32
S00104929,145,77,68
S00104930,74,35,39
S00104931,111,56,55
S00104932,175,82,93
S00104933,99,43,56
S00104934,145,70,75
S00104935,95,53,42
S00104936,123,57,66
S00104937,147,71,76
S00104938,135,73,62
S00104939,141,71,70
S00104940,121,59,62
S00104941,117,63,54
S00104942,55,18,37
S00104943,171,80,91
S00104944,113,51,62
S00104945,166,76,90
S00104946,157,69,88
S00104947,147,69,78
S00104948,129,63,66
S00104949,96,45,51
S00104950,97,43,54
S00104951,135,62,73
S00104952,124,57,67
S00104953,157,82,75
S00104954,124,66,58
S00104955,77,36,41
S00104956,97,49,48
S00104957,115,57,58
S00104958,116,63,53
S00104959,141,66,75
S00104960,155,75,80
S00104961,154,54,100
S00104962,73,36,37
S00104963,86,40,46
S00104964,66,39,27
S00104965,79,37,42
S00104966,76,31,45
S00104967,77,33,44
S00104968,79,44,35
S00104969,71,34,37
S00104970,106,46,60
S00104971,75,37,38
S00104972,150,73,77
S00104973,104,52,52
S00104974,78,37,41
S00104975,87,52,35
S00104976,124,41,83
S00104977,96,48,48
S00104978,107,55,52
S00104979,146,69,77
S00104980,146,70,76
S00104981,68,32,36
S00104982,122,60,62
S00104983,142,75,67
S00104984,56,25,31
S00104985,93,35,58
S00104986,89,40,49
S00104987,91,44,47
S00104988,135,53,82
S00104989,103,38,65
S00104990,55,21,34
S00104991,65,35,30
S00104992,80,32,48
S00104993,173,84,89
S00104994,163,87,76
S00104995,118,57,61
S00104996,121,50,71
S00104997,111,56,55
S00104998,98,48,50
S00104999,153,72,81
S00105000,114,60,54
S00105001,108,45,63
S00105002,105,51,54
S00105003,85,38,47
S00105004,105,52,53
S00105005,105,51,54
S00105006,109,48,61
S00105007,108,50,58
S00105008,97,42,55
S00105009,125,67,58
S00105010,142,71,71
S00105011,106,50,56
S00105012,135,73,62
S00105013,141,75,66
S00105014,117,59,58
S00105015,183,93,90
S00105016,165,83,82
S00105017,126,60,66
S00105018,118,54,64
S00105019,191,89,102
S00105020,151,76,75
S00105021,129,60,69
S00105022,139,72,67
S00105023,122,51,71
S00105024,123,55,68
S00105025,118,51,67
S00105026,128,63,65
S00105027,154,80,74
S00105028,154,79,75
S00105029,142,62,80
S00105030,92,37,55
S00105031,131,58,73
S00105032,92,48,44
S00105033,113,64,49
S00105034,121,55,66
S00105035,137,72,65
S00105036,186,94,92
S00105037,172,85,87
S00105038,128,61,67
S00105039,142,66,76
S00105040,130,63,67
S00105041,116,62,54
S00105042,119,64,55
S00105043,81,41,40
S00105044,123,52,71
S00105045,107,51,56
S00105046,69,34,35
S00105047,130,70,60
S00105048,204,103,101
S00105049,107,51,56
S00105050,188,67,121
S00105051,166,83,83
S00105052,111,57,54
S00105053,83,33,50
S00105054,115,49,66
S00105055,130,63,67
S00105056,129,67,62
S00105057,120,62,58
S00105058,95,45,50
S00105059,181,87,94
S00105060,134,66,68
S00105061,127,53,74
S00105062,72,34,38
S00105063,155,73,82
S00105064,167,80,87
S00105065,158,80,78
S00105066,194,90,104
S00105067,125,62,63
S00105068,137,59,78
S00105069,108,53,55
S00105070,99,50,49
S00105071,107,47,60
S00105072,127,58,69
S00105073,136,66,70
S00105074,103,48,55
S00105075,95,44,51
S00105076,92,42,50
S00105077,102,50,52
S00105078,124,59,65
S00105079,142,71,71
S00105080,99,51,48
S00105081,100,45,55
S00105082,108,44,64
S00105083,84,37,47
S00105084,79,40,39
S00105085,58,28,30
S00105086,114,45,69
S00105087,110,50,60
S00105088,76,36,40
S00105089,94,44,50
S00105090,150,61,89
S00105091,75,33,42
S00105092,158,76,82
S00105093,164,83,81
S00105094,142,63,79
S00105095,95,49,46
S00105096,89,39,50
S00105097,151,70,81
S00105098,88,41,47
S00105099,122,63,59
S00105100,138,65,73
S00105101,134,77,57
S00105102,107,55,52
S00105103,96,44,52
S00105104,140,66,74
S00105105,60,38,22
S00105106,54,33,21
S00105107,56,34,22
S00105108,65,37,28
S00105109,70,28,42
S00105110,57,36,21
S00105111,134,79,55
S00105112,62,38,24
S00105113,78,48,30
S00105114,64,29,35
S00105115,65,41,24
S00105116,58,31,27
S00105117,63,33,30
S00105118,92,55,37
S00105119,102,58,44
S00105120,84,45,39
S00105121,92,47,45
S00105122,92,45,47
S00105123,97,48,49
S00105124,95,48,47
S00105125,97,45,52
S00105126,86,36,50
S00105127,85,34,51
S00105128,96,46,50
S00105129,131,61,70
S00105130,115,58,57
S00105131,199,109,90
S00105132,73,34,39
S00105133,95,40,55
S00105134,88,50,38
S00105135,67,37,30
S00105136,60,27,33
S00105137,77,47,30
S00105138,78,40,38
S00105139,56,30,26
S00105140,75,46,29
S00105141,51,30,21
S00105142,95,47,48
S00105143,111,60,51
S00105144,129,65,64
S00105145,144,65,79
S00105146,56,26,30
S00105147,106,54,52
S00105148,95,56,39
S00105149,110,51,59
S00105150,92,50,42
S00105151,166,80,86
S00105152,136,75,61
S00105153,171,83,88
S00105154,119,51,68
S00105155,119,64,55
S00105156,168,104,64
S00105157,130,74,56
S00105158,115,44,71
S00105159,75,36,39
S00105160,58,30,28
S00105161,88,43,45
S00105162,126,67,59
S00105163,68,42,26
S00105164,53,33,20
S00105165,66,46,20
S00105166,96,56,40
S00105167,72,38,34
S00105168,85,39,46
S00105169,85,43,42
S00105170,87,39,48
S00105171,78,39,39
S00105172,93,46,47
S00105173,108,59,49
S00105174,91,41,50
S00105175,101,48,53
S00105176,95,34,61
S00105177,58,25,33
S00105178,87,44,43
S00105179,62,20,42
S00105180,69,38,31
S00105181,67,36,31
S00105182,77,34,43
S00105183,72,39,33
S00105184,80,49,31
S00105185,51,26,25
S00105186,92,56,36
S00105187,76,44,32
S00105188,95,61,34
S00105189,61,30,31
S00105190,67,36,31
S00105191,63,33,30
S00105192,68,33,35
S00105193,67,36,31
S00105194,112,55,57
S00105195,62,36,26
S00105196,68,25,43
S00105197,56,28,28
S00105198,82,39,43
S00105199,77,47,30
S00105200,81,43,38
S00105201,76,45,31
S00105202,106,49,57
S00105203,109,53,56
S00105204,79,44,35
S00105205,93,46,47
S00105206,110,53,57
S00105207,127,73,54
S00105208,72,33,39
S00105209,135,69,66
S00105210,53,29,24
S00105211,91,43,48
S00105212,121,76,45
S00105213,86,47,39
S00105214,66,40,26
S00105215,76,43,33
S00105216,91,49,42
S00105217,72,41,31
S00105218,130,62,68
S00105219,108,69,39
S00105220,119,69,50
S00105221,113,56,57
S00105222,108,59,49
S00105223,110,73,37
S00105224,118,78,40
S00105225,122,77,45
S00105226,80,48,32
S00105227,121,61,60
S00105228,51,31,20
S00105229,103,60,43
S00105230,82,44,38
S00105231,56,33,23
S00105232,89,55,34
S00105233,79,51,28
S00105234,84,45,39
S00105235,155,85,70
S00105236,137,70,67
S00105237,120,62,58
S00105238,75,29,46
S00105239,87,40,47
S00105240,124,66,58
S00105241,170,82,88
S00105242,126,64,62
S00105243,120,69,51
S00105244,76,40,36
S00105245,134,70,64
S00105246,137,70,67
S00105247,134,69,65
S00105248,93,41,52
S00105249,130,61,69
S00105250,112,52,60
S00105251,140,79,61
S00105252,112,55,57
S00105253,126,61,65
S00105254,77,37,40
S00105255,141,79,62
S00105256,173,73,100
S00105257,110,61,49
S00105258,102,53,49
S00105259,97,53,44
S00105260,100,52,48
S00105261,193,84,109
S00105262,141,65,76
S00105263,142,67,75
S00105264,167,79,88
S00105265,127,59,68
S00105266,114,53,61
S00105267,122,48,74
S00105268,142,74,68
S00105269,77,41,36
S00105270,154,71,83
S00105271,129,62,67
S00105272,109,50,59
S00105273,53,27,26
S00105274,93,49,44
S00105275,87,40,47
S00105276,79,37,42
S00105277,65,28,37
S00105278,121,61,60
S00105279,87,38,49
S00105280,80,37,43
S00105281,100,46,54
S00105282,93,48,45
S00105283,94,34,60
S00105284,87,42,45
S00105285,100,43,57
S00105286,104,46,58
S00105287,81,35,46
S00105288,107,47,60
S00105289,68,36,32
S00105290,85,43,42
S00105291,721,671,50
S00105292,67,21,46
S00105293,93,46,47
S00105294,85,39,46
S00105295,104,42,62
S00105296,74,33,41
S00105297,86,44,42
S00105298,88,46,42
S00105299,114,62,52
S00105300,147,65,82
S00105301,64,32,32
S00105302,141,64,77
S00105303,91,34,57
S00105304,72,29,43
S00105305,96,47,49
S00105306,97,48,49
S00105307,73,31,42
S00105308,68,29,39
S00105309,115,52,63
S00105310,81,40,41
S00105311,89,35,54
S00105312,144,70,74
S00105313,120,51,69
S00105314,59,32,27
S00105315,101,52,49
S00105316,122,58,64
S00105317,141,70,71
S00105318,97,53,44
S00105319,133,77,56
S00105320,162,88,74
S00105321,174,84,90
S00105322,62,33,29
S00105323,148,80,68
S00105324,124,70,54
S00105325,142,71,71
S00105326,96,45,51
S00105327,79,47,32
S00105328,83,30,53
S00105329,104,42,62
S00105330,75,30,45
S00105331,151,83,68
S00105332,101,48,53
S00105333,124,67,57
S00105334,102,53,49
S00105335,113,53,60
S00105336,54,24,30
S00105337,82,40,42
S00105338,107,46,61
S00105339,106,46,60
S00105340,120,58,62
S00105341,126,58,68
S00105342,139,64,75
S00105343,192,80,112
S00105344,96,49,47
S00105345,131,61,70
S00105346,99,50,49
S00105347,112,61,51
S00105348,109,52,57
S00105349,107,56,51
S00105350,123,59,64
S00105351,96,50,46
S00105352,99,41,58
S00105353,115,57,58
S00105354,107,51,56
S00105355,114,46,68
S00105356,139,64,75
S00105357,71,32,39
S00105358,93,42,51
S00105359,81,35,46
S00105360,144,67,77
S00105361,141,64,77
S00105362,62,31,31
S00105363,113,47,66
S00105364,80,35,45
S00105365,98,44,54
S00105366,88,39,49
S00105367,82,43,39
S00105368,124,62,62
S00105369,98,47,51
S00105370,72,35,37
S00105371,138,69,69
S00105372,83,37,46
S00105373,76,41,35
S00105374,64,27,37
S00105375,166,70,96
S00105376,149,68,81
S00105377,106,49,57
S00105378,91,45,46
S00105379,70,34,36
S00105380,67,28,39
S00105381,151,74,77
S00105382,104,49,55
S00105383,99,43,56
S00105384,102,52,50
S00105385,131,62,69
S00105386,132,60,72
S00105387,67,39,28
S00105388,115,54,61
S00105389,70,27,43
S00105390,115,53,62
S00105391,121,67,54
S00105392,128,64,64
S00105393,91,45,46
S00105394,86,51,35
S00105395,86,39,47
S00105396,140,66,74
S00105397,70,41,29
S00105398,71,34,37
S00105399,94,39,55
S00105400,82,34,48
S00105401,71,34,37
S00105402,122,55,67
S00105403,123,66,57
S00105404,85,38,47
S00105405,100,50,50
S00105406,85,49,36
S00105407,89,53,36
S00105408,100,54,46
S00105409,104,60,44
S00105410,112,44,68
S00105411,113,63,50
S00105412,126,82,44
S00105413,170,98,72
S00105414,153,61,92
S00105415,109,54,55
S00105416,108,53,55
S00105417,133,61,72
S00105418,123,59,64
S00105419,106,49,57
S00105420,192,92,100
S00105421,169,86,83
S00105422,159,78,81
S00105423,175,92,83
S00105424,171,92,79
S00105425,149,74,75
S00105426,87,40,47
S00105427,149,79,70
S00105428,234,86,148
S00105429,106,51,55
S00105430,128,65,63
S00105431,114,41,73
S00105432,116,59,57
S00105433,156,79,77
S00105434,90,46,44
S00105435,178,90,88
S00105436,225,111,114
S00105437,89,34,55
S00105438,132,64,68
S00105439,91,37,54
S00105440,76,35,41
S00105441,214,85,129
S00105442,117,59,58
S00105443,181,84,97
S00105444,165,84,81
S00105445,97,47,50
S00105446,72,38,34
S00105447,157,45,112
S00105448,99,52,47
S00105449,89,40,49
S00105450,87,38,49
S00105451,147,69,78
S00105452,128,56,72
S00105453,71,30,41
S00105454,143,66,77
S00105455,87,40,47
S00105456,81,33,48
S00105457,132,59,73
S00105458,101,44,57
S00105459,85,35,50
S00105460,146,66,80
S00105461,157,74,83
S00105462,115,56,59
S00105463,86,36,50
S00105464,151,73,78
S00105465,92,39,53
S00105466,107,52,55
S00105467,96,50,46
S00105468,117,54,63
S00105469,100,46,54
S00105470,164,77,87
S00105471,105,48,57
S00105472,111,54,57
S00105473,92,37,55
S00105474,94,44,50
S00105475,82,42,40
S00105476,117,58,59
S00105477,108,49,59
S00105478,113,57,56
S00105479,137,67,70
S00105480,122,58,64
S00105481,105,46,59
S00105482,118,41,77
S00105483,108,54,54
S00105484,133,55,78
S00105485,66,30,36
S00105486,70,37,33
S00105487,84,41,43
S00105488,95,47,48
S00105489,73,35,38
S00105490,192,102,90
S00105491,108,53,55
S00105492,133,67,66
S00105493,149,63,86
S00105494,81,43,38
S00105495,150,70,80
S00105496,158,80,78
S00105497,104,53,51
S00105498,184,97,87
S00105499,122,59,63
S00105500,132,63,69
S00105501,89,44,45
S00105502,67,35,32
S00105503,119,58,61
S00105504,139,52,87
S00105505,72,22,50
S00105506,149,65,84
S00105507,118,54,64
S00105508,138,63,75
S00105509,104,53,51
S00105510,166,76,90
S00105511,184,86,98
S00105512,145,71,74
S00105513,139,74,65
S00105514,88,44,44
S00105515,131,64,67
S00105516,91,40,51
S00105517,162,57,105
S00105518,125,60,65
S00105519,106,58,48
S00105520,120,53,67
S00105521,58,31,27
S00105522,133,68,65
S00105523,111,54,57
S00105524,63,29,34
S00105525,93,40,53
S00105526,72,34,38
S00105527,100,50,50
S00105528,113,57,56
S00105529,103,53,50
S00105530,181,85,96
S00105531,96,50,46
S00105532,93,46,47
S00105533,125,60,65
S00105534,130,70,60
S00105535,117,54,63
S00105536,99,44,55
S00105537,104,50,54
S00105538,114,57,57
S00105539,116,64,52
S00105540,164,82,82
S00105541,131,69,62
S00105542,116,57,59
S00105543,118,58,60
S00105544,103,52,51
S00105545,85,43,42
S00105546,114,58,56
S00105547,94,43,51
S00105548,161,77,84
S00105549,148,69,79
S00105550,95,40,55
S00105551,105,44,61
S00105552,96,48,48
S00105553,113,59,54
S00105554,163,79,84
S00105555,92,46,46
S00105556,127,54,73
S00105557,66,31,35
S00105558,183,93,90
S00105559,161,73,88
S00105560,130,58,72
S00105561,126,66,60
S00105562,92,44,48
S00105563,202,101,101
S00105564,116,60,56
S00105565,116,58,58
S00105566,120,49,71
S00105567,106,51,55
S00105568,85,39,46
S00105569,162,78,84
S00105570,61,29,32
S00105571,156,86,70
S00105572,80,41,39
S00105573,127,63,64
S00105574,108,47,61
S00105575,164,73,91
S00105576,121,58,63
S00105577,132,58,74
S00105578,96,50,46
S00105579,90,37,53
S00105580,109,48,61
S00105581,131,66,65
S00105582,114,60,54
S00105583,100,45,55
S00105584,117,55,62
S00105585,110,47,63
S00105586,113,51,62
S00105587,121,50,71
S00105588,95,50,45
S00105589,110,54,56
S00105590,104,47,57
S00105591,120,56,64
S00105592,119,57,62
S00105593,130,68,62
S00105594,139,69,70
S00105595,97,51,46
S00105596,110,53,57
S00105597,129,63,66
S00105598,120,66,54
S00105599,101,46,55
S00105600,84,39,45
S00105601,132,62,70
S00105602,132,75,57
S00105603,124,63,61
S00105604,138,66,72
S00105605,136,69,67
S00105606,146,69,77
S00105607,102,46,56
S00105608,73,38,35
S00105609,67,32,35
S00105610,81,41,40
S00105611,59,24,35
S00105612,129,71,58
S00105613,112,53,59
S00105614,51,21,30
S00105615,103,50,53
S00105616,90,47,43
S00105617,149,80,69
S00105618,139,72,67
S00105619,67,33,34
S00105620,89,42,47
S00105621,96,43,53
S00105622,94,51,43
S00105623,83,43,40
S00105624,133,74,59
S00105625,82,47,35
S00105626,84,41,43
S00105627,73,38,35
S00105628,129,76,53
S00105629,155,81,74
S00105630,105,48,57
S00105631,60,26,34
S00105632,52,27,25
S00105633,150,80,70
S00105634,136,66,70
S00105635,107,52,55
S00105636,101,46,55
S00105637,110,45,65
S00105638,96,43,53
S00105639,151,76,75
S00105640,137,72,65
S00105641,135,58,77
S00105642,127,60,67
S00105643,144,63,81
S00105644,91,41,50
S00105645,71,33,38
S00105646,104,51,53
S00105647,127,49,78
S00105648,116,52,64
S00105649,168,67,101
S00105650,141,66,75
S00105651,110,45,65
S00105652,108,51,57
S00105653,90,41,49
S00105654,96,38,58
S00105655,65,31,34
S00105656,84,39,45
S00105657,77,27,50
S00105658,133,74,59
S00105659,88,40,48
S00105660,75,39,36
S00105661,107,50,57
S00105662,61,30,31
S00105663,124,52,72
S00105664,81,37,44
S00105665,130,57,73
S00105666,77,26,51
S00105667,64,33,31
S00105668,71,36,35
S00105669,141,64,77
S00105670,111,51,60
S00105671,78,30,48
S00105672,123,56,67
S00105673,106,50,56
S00105674,124,54,70
S00105675,117,54,63
S00105676,106,46,60
S00105677,91,44,47
S00105678,115,53,62
S00105679,126,62,64
S00105680,89,39,50
S00105681,74,37,37
S00105682,137,49,88
S00105683,178,92,86
S00105684,101,46,55
S00105685,80,41,39
S00105686,70,27,43
S00105687,109,52,57
S00105688,100,45,55
S00105689,95,47,48
S00105690,138,65,73
S00105691,111,49,62
S00105692,117,60,57
S00105693,124,65,59
S00105694,194,109,85
S00105695,86,40,46
S00105696,65,35,30
S00105697,136,70,66
S00105698,125,60,65
S00105699,104,44,60
S00105700,105,51,54
S00105701,107,56,51
S00105702,76,34,42
S00105703,128,63,65
S00105704,84,35,49
S00105705,105,49,56
S00105706,77,36,41
S00105707,101,42,59
S00105708,125,54,71
S00105709,484,379,105
S00105710,116,48,68
S00105711,157,74,83
S00105712,100,38,62
S00105713,154,69,85
S00105714,110,57,53
S00105715,130,62,68
S00105716,113,56,57
S00105717,109,51,58
S00105718,133,55,78
S00105719,159,82,77
S00105720,136,68,68
S00105721,157,78,79
S00105722,113,54,59
S00105723,151,73,78
S00105724,88,39,49
S00105725,119,59,60
S00105726,108,53,55
S00105727,88,41,47
S00105728,144,53,91
S00105729,58,28,30
S00105730,82,38,44
S00105731,115,57,58
S00105732,120,57,63
S00105733,146,77,69
S00105734,112,60,52
S00105735,108,50,58
S00105736,129,51,78
S00105737,109,51,58
S00105738,127,57,70
S00105739,101,52,49
S00105740,104,49,55
S00105741,140,66,74
S00105742,127,59,68
S00105743,94,47,47
S00105744,175,83,92
S00105745,155,78,77
S00105746,122,57,65
S00105747,117,57,60
S00105748,155,78,77
S00105749,154,69,85
S00105750,127,57,70
S00105751,124,51,73
S00105752,93,45,48
S00105753,106,52,54
S00105754,88,44,44
S00105755,172,81,91
S00105756,119,58,61
S00105757,94,38,56
S00105758,138,70,68
S00105759,96,46,50
S00105760,119,60,59
S00105761,157,86,71
S00105762,93,43,50
S00105763,124,58,66
S00105764,120,58,62
S00105765,55,22,33
S00105766,79,33,46
S00105767,87,47,40
S00105768,71,34,37
S00105769,115,61,54
S00105770,106,50,56
S00105771,110,57,53
S00105772,90,58,32
S00105773,136,73,63
S00105774,95,41,54
S00105775,137,69,68
S00105776,115,56,59
S00105777,87,36,51
S00105778,106,39,67
S00105779,133,66,67
S00105780,69,31,38
S00105781,94,45,49
S00105782,102,48,54
S00105783,102,49,53
S00105784,85,39,46
S00105785,110,47,63
S00105786,113,62,51
S00105787,51,22,29
S00105788,128,57,71
S00105789,94,40,54
S00105790,172,80,92
S00105791,144,64,80
S00105792,110,49,61
S00105793,88,47,41
S00105794,57,24,33
S00105795,59,30,29
S00105796,129,65,64
S00105797,104,59,45
S00105798,122,61,61
S00105799,89,51,38
S00105800,56,30,26
S00105801,112,46,66
S00105802,151,77,74
S00105803,96,49,47
S00105804,177,81,96
S00105805,57,25,32
S00105806,114,59,55
S00105807,113,56,57
S00105808,145,80,65
S00105809,101,60,41
S00105810,155,81,74
S00105811,112,58,54
S00105812,65,33,32
S00105813,105,61,44
S00105814,143,57,86
S00105815,92,57,35
S00105816,77,32,45
S00105817,102,53,49
S00105818,81,42,39
S00105819,121,65,56
S00105820,153,70,83
S00105821,105,48,57
S00105822,118,54,64
S00105823,121,68,53
S00105824,106,55,51
S00105825,128,65,63
S00105826,106,60,46
S00105827,76,34,42
S00105828,76,45,31
S00105829,82,47,35
S00105830,126,58,68
S00105831,108,57,51
S00105832,207,104,103
S00105833,163,85,78
S00105834,150,74,76
S00105835,127,67,60
S00105836,198,105,93
S00105837,98,58,40
S00105838,131,61,70
S00105839,103,44,59
S00105840,124,60,64
S00105841,68,30,38
S00105842,76,36,40
S00105843,114,63,51
S00105844,66,28,38
S00105845,97,49,48
S00105846,130,66,64
S00105847,120,60,60
S00105848,104,55,49
S00105849,124,57,67
S00105850,104,52,52
S00105851,96,47,49
S00105852,67,35,32
S00105853,125,65,60
S00105854,134,65,69
S00105855,115,52,63
S00105856,112,54,58
S00105857,68,27,41
S00105858,76,30,46
S00105859,67,31,36
S00105860,123,62,61
S00105861,116,54,62
S00105862,84,38,46
S00105863,94,47,47
S00105864,153,77,76
S00105865,164,82,82
S00105866,101,47,54
S00105867,140,69,71
S00105868,126,62,64
S00105869,114,56,58
S00105870,114,57,57
S00105871,120,58,62
S00105872,128,61,67
S00105873,112,54,58
S00105874,106,51,55
S00105875,129,69,60
S00105876,113,50,63
S00105877,124,61,63
S00105878,195,96,99
S00105879,90,45,45
S00105880,86,41,45
S00105881,102,51,51
S00105882,182,82,100
S00105883,121,48,73
S00105884,104,43,61
S00105885,77,42,35
S00105886,82,42,40
S00105887,153,68,85
S00105888,144,62,82
S00105889,138,46,92
S00105890,127,60,67
S00105891,109,59,50
S00105892,109,58,51
S00105893,72,33,39
S00105894,92,52,40
S00105895,68,33,35
S00105896,169,78,91
S00105897,104,54,50
S00105898,141,67,74
S00105899,134,64,70
S00105900,191,105,86
S00105901,98,46,52
S00105902,120,60,60
S00105903,115,55,60
S00105904,96,45,51
S00105905,133,65,68
S00105906,94,43,51
S00105907,64,37,27
S00105908,86,39,47
S00105909,104,51,53
S00105910,100,43,57
S00105911,110,49,61
S00105912,104,45,59
S00105913,95,45,50
S00105914,125,64,61
S00105915,117,60,57
S00105916,111,63,48
S00105917,90,46,44
S00105918,99,53,46
S00105919,124,54,70
S00105920,92,44,48
S00105921,113,51,62
S00105922,143,68,75
S00105923,164,81,83
S00105924,112,54,58
S00105925,107,46,61
S00105926,118,52,66
S00105927,105,49,56
S00105928,109,53,56
S00105929,125,64,61
S00105930,101,48,53
S00105931,141,73,68
S00105932,110,60,50
S00105933,120,61,59
S00105934,187,82,105
S00105935,"1,633","1,045",588
S00105936,135,65,70
S00105937,72,37,35
S00105938,178,89,89
S00105939,173,84,89
S00105940,107,51,56
S00105941,85,38,47
S00105942,92,42,50
S00105943,100,52,48
S00105944,138,71,67
S00105945,106,53,53
S00105946,102,50,52
S00105947,122,59,63
S00105948,102,54,48
S00105949,114,58,56
S00105950,80,41,39
S00105951,70,32,38
S00105952,138,66,72
S00105953,182,84,98
S00105954,130,57,73
S00105955,71,23,48
S00105956,78,38,40
S00105957,174,84,90
S00105958,146,65,81
S00105959,185,79,106
S00105960,107,48,59
S00105961,118,53,65
S00105962,105,53,52
S00105963,169,80,89
S00105964,125,67,58
S00105965,139,73,66
S00105966,99,47,52
S00105967,94,46,48
S00105968,87,40,47
S00105969,107,50,57
S00105970,204,95,109
S00105971,171,87,84
S00105972,150,72,78
S00105973,142,67,75
S00105974,93,49,44
S00105975,101,48,53
S00105976,115,46,69
S00105977,73,32,41
S00105978,124,61,63
S00105979,126,62,64
S00105980,152,74,78
S00105981,149,74,75
S00105982,200,105,95
S00105983,130,54,76
S00105984,111,55,56
S00105985,73,30,43
S00105986,179,90,89
S00105987,123,63,60
S00105988,120,61,59
S00105989,112,58,54
S00105990,114,57,57
S00105991,59,31,28
S00105992,139,67,72
S00105993,60,32,28
S00105994,142,68,74
S00105995,131,60,71
S00105996,158,62,96
S00105997,141,67,74
S00105998,106,49,57
S00105999,191,89,102
S00106000,186,91,95
S00106001,130,64,66
S00106002,108,51,57
S00106003,91,44,47
S00106004,101,51,50
S00106005,95,46,49
S00106006,103,50,53
S00106007,132,57,75
S00106008,109,49,60
S00106009,97,44,53
S00106010,57,20,37
S00106011,219,106,113
S00106012,157,74,83
S00106013,143,69,74
S00106014,105,47,58
S00106015,162,77,85
S00106016,105,54,51
S00106017,116,51,65
S00106018,162,77,85
S00106019,82,41,41
S00106020,99,47,52
S00106021,118,54,64
S00106022,63,28,35
S00106023,82,40,42
S00106024,111,63,48
S00106025,108,51,57
S00106026,109,52,57
S00106027,84,43,41
S00106028,102,49,53
S00106029,104,55,49
S00106030,104,56,48
S00106031,84,41,43
S00106032,87,37,50
S00106033,75,44,31
S00106034,136,67,69
S00106035,105,45,60
S00106036,113,52,61
S00106037,126,61,65
S00106038,76,40,36
S00106039,129,60,69
S00106040,112,50,62
S00106041,112,53,59
S00106042,65,33,32
S00106043,77,38,39
S00106044,142,64,78
S00106045,91,43,48
S00106046,131,60,71
S00106047,102,49,53
S00106048,72,28,44
S00106049,86,40,46
S00106050,193,90,103
S00106051,114,54,60
S00106052,74,35,39
S00106053,167,77,90
S00106054,194,82,112
S00106055,149,77,72
S00106056,140,62,78
S00106057,137,65,72
S00106058,99,49,50
S00106059,95,43,52
S00106060,111,54,57
S00106061,99,40,59
S00106062,136,66,70
S00106063,153,64,89
S00106064,100,45,55
S00106065,145,54,91
S00106066,99,48,51
S00106067,104,49,55
S00106068,100,44,56
S00106069,156,71,85
S00106070,138,66,72
S00106071,115,54,61
S00106072,93,47,46
S00106073,90,47,43
S00106074,91,46,45
S00106075,69,32,37
S00106076,146,68,78
S00106077,89,46,43
S00106078,113,61,52
S00106079,139,74,65
S00106080,96,54,42
S00106081,142,69,73
S00106082,123,61,62
S00106083,129,65,64
S00106084,87,36,51
S00106085,97,39,58
S00106086,124,63,61
S00106087,124,53,71
S00106088,134,60,74
S00106089,92,46,46
S00106090,81,41,40
S00106091,110,49,61
S00106092,128,62,66
S00106093,99,48,51
S00106094,89,43,46
S00106095,140,76,64
S00106096,115,40,75
S00106097,122,63,59
S00106098,145,65,80
S00106099,157,73,84
S00106100,127,62,65
S00106101,130,66,64
S00106102,113,51,62
S00106103,84,49,35
S00106104,81,45,36
S00106105,114,68,46
S00106106,112,55,57
S00106107,129,65,64
S00106108,69,38,31
S00106109,164,93,71
S00106110,168,77,91
S00106111,77,36,41
S00106112,110,57,53
S00106113,115,51,64
S00106114,131,67,64
S00106115,102,46,56
S00106116,87,44,43
S00106117,71,33,38
S00106118,119,63,56
S00106119,86,34,52
S00106120,63,29,34
S00106121,88,41,47
S00106122,84,35,49
S00106123,118,52,66
S00106124,66,34,32
S00106125,123,51,72
S00106126,66,28,38
S00106127,90,47,43
S00106128,142,69,73
S00106129,115,55,60
S00106130,133,67,66
S00106131,146,67,79
S00106132,61,28,33
S00106133,133,58,75
S00106134,115,58,57
S00106135,108,48,60
S00106136,112,44,68
S00106137,105,51,54
S00106138,121,51,70
S00106139,99,43,56
S00106140,60,27,33
S00106141,96,47,49
S00106142,104,49,55
S00106143,98,45,53
S00106144,145,81,64
S00106145,110,49,61
S00106146,79,38,41
S00106147,71,36,35
S00106148,81,42,39
S00106149,148,63,85
S00106150,115,62,53
S00106151,116,52,64
S00106152,53,25,28
S00106153,90,43,47
S00106154,138,64,74
S00106155,166,82,84
S00106156,134,65,69
S00106157,97,70,27
S00106158,112,84,28
S00106159,139,58,81
S00106160,133,61,72
S00106161,133,62,71
S00106162,137,67,70
S00106163,107,51,56
S00106164,112,55,57
S00106165,65,32,33
S00106166,112,49,63
S00106167,146,82,64
S00106168,82,44,38
S00106169,110,52,58
S00106170,174,85,89
S00106171,105,47,58
S00106172,111,60,51
S00106173,91,37,54
S00106174,90,42,48
S00106175,85,41,44
S00106176,93,52,41
S00106177,138,64,74
S00106178,187,98,89
S00106179,98,46,52
S00106180,91,39,52
S00106181,89,36,53
S00106182,161,78,83
S00106183,66,32,34
S00106184,127,60,67
S00106185,116,58,58
S00106186,113,58,55
S00106187,96,49,47
S00106188,124,60,64
S00106189,100,48,52
S00106190,132,64,68
S00106191,203,104,99
S00106192,67,37,30
S00106193,105,55,50
S00106194,95,47,48
S00106195,153,80,73
S00106196,133,66,67
S00106197,117,58,59
S00106198,123,57,66
S00106199,163,75,88
S00106200,205,105,100
S00106201,166,98,68
S00106202,101,55,46
S00106203,90,43,47
S00106204,158,87,71
S00106205,161,92,69
S00106206,142,62,80
S00106207,112,57,55
S00106208,82,30,52
S00106209,104,55,49
S00106210,59,29,30
S00106211,79,35,44
S00106212,70,40,30
S00106213,61,32,29
S00106214,68,34,34
S00106215,128,65,63
S00106216,123,59,64
S00106217,100,52,48
S00106218,97,47,50
S00106219,107,47,60
S00106220,55,23,32
S00106221,129,62,67
S00106222,129,63,66
S00106223,119,65,54
S00106224,112,47,65
S00106225,103,49,54
S00106226,166,80,86
S00106227,132,76,56
S00106228,102,47,55
S00106229,"1,863",794,"1,069"
S00106230,138,66,72
S00106231,97,46,51
S00106232,142,66,76
S00106233,87,42,45
S00106234,103,61,42
S00106235,109,47,62
S00106236,94,40,54
S00106237,92,45,47
S00106238,110,62,48
S00106239,84,43,41
S00106240,76,38,38
S00106241,161,75,86
S00106242,67,31,36
S00106243,80,34,46
S00106244,127,60,67
S00106245,149,73,76
S00106246,115,53,62
S00106247,86,39,47
S00106248,79,38,41
S00106249,63,28,35
S00106250,154,70,84
S00106251,145,65,80
S00106252,59,28,31
S00106253,69,26,43
S00106254,109,51,58
S00106255,106,55,51
S00106256,146,67,79
S00106257,104,51,53
S00106258,123,57,66
S00106259,66,28,38
S00106260,126,58,68
S00106261,65,29,36
S00106262,118,55,63
S00106263,106,46,60
S00106264,101,43,58
S00106265,71,42,29
S00106266,135,66,69
S00106267,100,38,62
S00106268,127,56,71
S00106269,68,35,33
S00106270,73,34,39
S00106271,122,55,67
S00106272,115,47,68
S00106273,84,42,42
S00106274,91,38,53
S00106275,126,60,66
S00106276,101,40,61
S00106277,143,63,80
S00106278,135,68,67
S00106279,97,46,51
S00106280,140,68,72
S00106281,128,66,62
S00106282,96,47,49
S00106283,109,53,56
S00106284,247,91,156
S00106285,85,40,45
S00106286,130,65,65
S00106287,199,78,121
S00106288,101,47,54
S00106289,101,49,52
S00106290,103,46,57
S00106291,101,49,52
S00106292,120,52,68
S00106293,97,52,45
S00106294,108,60,48
S00106295,95,47,48
S00106296,116,56,60
S00106297,78,36,42
S00106298,118,60,58
S00106299,104,49,55
S00106300,58,23,35
S00106301,121,60,61
S00106302,94,46,48
S00106303,109,57,52
S00106304,78,36,42
S00106305,134,71,63
S00106306,149,74,75
S00106307,69,36,33
S00106308,101,43,58
S00106309,90,50,40
S00106310,111,47,64
S00106311,84,37,47
S00106312,95,51,44
S00106313,113,37,76
S00106314,113,45,68
S00106315,159,77,82
S00106316,98,48,50
S00106317,159,74,85
S00106318,133,92,41
S00106319,167,80,87
S00106320,130,59,71
S00106321,55,25,30
S00106322,99,43,56
S00106323,81,48,33
S00106324,104,56,48
S00106325,179,74,105
S00106326,127,57,70
S00106327,108,47,61
S00106328,184,80,104
S00106329,107,53,54
S00106330,63,33,30
S00106331,93,49,44
S00106332,92,38,54
S00106333,65,36,29
S00106334,98,50,48
S00106335,74,49,25
S00106336,76,43,33
S00106337,64,40,24
S00106338,61,38,23
S00106339,78,41,37
S00106340,63,36,27
S00106341,159,83,76
S00106342,97,41,56
S00106343,99,54,45
S00106344,142,65,77
S00106345,177,85,92
S00106346,145,66,79
S00106347,144,69,75
S00106348,137,65,72
S00106349,119,57,62
S00106350,62,34,28
S00106351,108,55,53
S00106352,180,85,95
S00106353,131,63,68
S00106354,140,65,75
S00106355,130,61,69
S00106356,125,64,61
S00106357,106,53,53
S00106358,87,41,46
S00106359,192,94,98
S00106360,108,53,55
S00106361,87,39,48
S00106362,144,66,78
S00106363,57,24,33
S00106364,93,33,60
S00106365,107,54,53
S00106366,88,40,48
S00106367,71,33,38
S00106368,88,39,49
S00106369,82,38,44
S00106370,103,47,56
S00106371,78,32,46
S00106372,91,38,53
S00106373,222,107,115
S00106374,143,73,70
S00106375,117,61,56
S00106376,137,64,73
S00106377,113,52,61
S00106378,98,53,45
S00106379,116,57,59
S00106380,113,55,58
S00106381,95,54,41
S00106382,138,64,74
S00106383,147,66,81
S00106384,62,24,38
S00106385,180,84,96
S00106386,77,38,39
S00106387,162,74,88
S00106388,106,53,53
S00106389,70,34,36
S00106390,130,68,62
S00106391,59,24,35
S00106392,128,57,71
S00106393,81,39,42
S00106394,89,45,44
S00106395,131,62,69
S00106396,78,33,45
S00106397,152,66,86
S00106398,79,34,45
S00106399,109,41,68
S00106400,100,45,55
S00106401,96,47,49
S00106402,99,49,50
S00106403,59,28,31
S00106404,69,34,35
S00106405,78,32,46
S00106406,88,45,43
S00106407,129,61,68
S00106408,129,58,71
S00106409,97,44,53
S00106410,157,73,84
S00106411,52,20,32
S00106412,68,27,41
S00106413,91,43,48
S00106414,105,51,54
S00106415,131,62,69
S00106416,66,26,40
S00106417,69,28,41
S00106418,120,47,73
S00106419,78,39,39
S00106420,149,70,79
S00106421,141,70,71
S00106422,132,67,65
S00106423,147,68,79
S00106424,114,51,63
S00106425,155,70,85
S00106426,127,57,70
S00106427,130,62,68
S00106428,95,42,53
S00106429,149,68,81
S00106430,142,61,81
S00106431,128,57,71
S00106432,142,70,72
S00106433,84,44,40
S00106434,107,48,59
S00106435,109,46,63
S00106436,165,81,84
S00106437,146,72,74
S00106438,151,79,72
S00106439,90,49,41
S00106440,81,39,42
S00106441,141,70,71
S00106442,165,64,101
S00106443,149,75,74
S00106444,144,71,73
S00106445,156,83,73
S00106446,104,50,54
S00106447,87,41,46
S00106448,126,64,62
S00106449,143,65,78
S00106450,123,63,60
S00106451,116,56,60
S00106452,82,39,43
S00106453,131,55,76
S00106454,139,65,74
S00106455,86,40,46
S00106456,101,49,52
S00106457,180,84,96
S00106458,163,82,81
S00106459,99,50,49
S00106460,124,59,65
S00106461,102,52,50
S00106462,64,33,31
S00106463,107,52,55
S00106464,144,66,78
S00106465,95,43,52
S00106466,104,51,53
S00106467,153,69,84
S00106468,54,26,28
S00106469,156,71,85
S00106470,136,67,69
S00106471,121,61,60
S00106472,104,55,49
S00106473,156,69,87
S00106474,178,96,82
S00106475,138,67,71
S00106476,134,71,63
S00106477,157,76,81
S00106478,221,107,114
S00106479,179,98,81
S00106480,130,66,64
S00106481,99,50,49
S00106482,167,89,78
S00106483,92,42,50
S00106484,108,48,60
S00106485,123,60,63
S00106486,123,56,67
S00106487,143,65,78
S00106488,164,80,84
S00106489,164,76,88
S00106490,148,71,77
S00106491,101,48,53
S00106492,103,49,54
S00106493,108,58,50
S00106494,144,70,74
S00106495,124,61,63
S00106496,172,83,89
S00106497,159,78,81
S00106498,152,77,75
S00106499,50,21,29
S00106500,125,58,67
S00106501,152,74,78
S00106502,150,83,67
S00106503,173,87,86
S00106504,124,62,62
S00106505,173,77,96
S00106506,141,68,73
S00106507,121,59,62
S00106508,130,62,68
S00106509,125,62,63
S00106510,128,65,63
S00106511,137,67,70
S00106512,125,62,63
S00106513,105,48,57
S00106514,59,31,28
S00106515,95,47,48
S00106516,88,49,39
S00106517,78,48,30
S00106518,126,44,82
S00106519,88,42,46
S00106520,82,44,38
S00106521,60,26,34
S00106522,67,34,33
S00106523,81,47,34
S00106524,98,47,51
S00106525,117,60,57
S00106526,115,62,53
S00106527,85,52,33
S00106528,133,72,61
S00106529,76,46,30
S00106530,94,59,35
S00106531,101,49,52
S00106532,102,55,47
S00106533,159,73,86
S00106534,92,44,48
S00106535,84,38,46
S00106536,72,37,35
S00106537,53,25,28
S00106538,100,53,47
S00106539,62,29,33
S00106540,89,48,41
S00106541,76,38,38
S00106542,133,60,73
S00106543,110,64,46
S00106544,62,36,26
S00106545,87,41,46
S00106546,60,24,36
S00106547,125,68,57
S00106548,74,29,45
S00106549,124,58,66
S00106550,103,48,55
S00106551,90,42,48
S00106552,92,43,49
S00106553,68,40,28
S00106554,55,27,28
S00106555,94,44,50
S00106556,87,49,38
S00106557,99,47,52
S00106558,97,49,48
S00106559,101,51,50
S00106560,88,41,47
S00106561,109,55,54
S00106562,94,40,54
S00106563,58,31,27
S00106564,84,46,38
S00106565,103,44,59
S00106566,69,35,34
S00106567,79,37,42
S00106568,142,71,71
S00106569,170,88,82
S00106570,97,50,47
S00106571,69,30,39
S00106572,99,49,50
S00106573,138,81,57
S00106574,100,51,49
S00106575,70,25,45
S00106576,51,24,27
S00106577,69,38,31
S00106578,69,42,27
S00106579,60,32,28
S00106580,134,64,70
S00106581,86,41,45
S00106582,60,29,31
S00106583,117,58,59
S00106584,135,74,61
S00106585,119,63,56
S00106586,100,41,59
S00106587,85,35,50
S00106588,80,55,25
S00106589,102,49,53
S00106590,106,48,58
S00106591,121,62,59
S00106592,52,30,22
S00106593,85,40,45
S00106594,121,52,69
S00106595,61,30,31
S00106596,91,45,46
S00106597,93,47,46
S00106598,54,27,27
S00106599,72,19,53
S00106600,85,40,45
S00106601,80,40,40
S00106602,57,28,29
S00106603,90,38,52
S00106604,69,33,36
S00106605,79,38,41
S00106606,130,63,67
S00106607,56,26,30
S00106608,70,38,32
S00106609,66,33,33
S00106610,151,70,81
S00106611,173,84,89
S00106612,74,33,41
S00106613,107,51,56
S00106614,70,38,32
S00106615,140,70,70
S00106616,60,29,31
S00106617,50,26,24
S00106618,105,54,51
S00106619,127,72,55
S00106620,157,77,80
S00106621,104,55,49
S00106622,94,44,50
S00106623,119,61,58
S00106624,99,49,50
S00106625,65,32,33
S00106626,125,63,62
S00106627,55,26,29
S00106628,82,37,45
S00106629,105,53,52
S00106630,56,24,32
S00106631,157,81,76
S00106632,93,48,45
S00106633,105,40,65
S00106634,76,40,36
S00106635,106,53,53
S00106636,68,28,40
S00106637,144,63,81
S00106638,65,34,31
S00106639,100,47,53
S00106640,92,31,61
S00106641,93,38,55
S00106642,145,69,76
S00106643,189,95,94
S00106644,104,51,53
S00106645,73,31,42
S00106646,103,52,51
S00106647,102,61,41
S00106648,103,50,53
S00106649,115,55,60
S00106650,119,53,66
S00106651,90,43,47
S00106652,80,37,43
S00106653,124,67,57
S00106654,73,43,30
S00106655,56,25,31
S00106656,85,41,44
S00106657,168,80,88
S00106658,116,53,63
S00106659,70,35,35
S00106660,71,37,34
S00106661,205,58,147
S00106662,160,86,74
S00106663,123,55,68
S00106664,146,66,80
S00106665,114,56,58
S00106666,138,62,76
S00106667,90,48,42
S00106668,115,51,64
S00106669,86,41,45
S00106670,120,52,68
S00106671,64,28,36
S00106672,79,38,41
S00106673,94,46,48
S00106674,75,36,39
S00106675,90,41,49
S00106676,110,54,56
S00106677,88,42,46
S00106678,93,48,45
S00106679,105,52,53
S00106680,57,26,31
S00106681,103,53,50
S00106682,69,23,46
S00106683,113,49,64
S00106684,73,30,43
S00106685,58,30,28
S00106686,80,28,52
S00106687,66,31,35
S00106688,68,31,37
S00106689,70,35,35
S00106690,64,33,31
S00106691,91,44,47
S00106692,144,81,63
S00106693,86,41,45
S00106694,114,52,62
S00106695,107,64,43
S00106696,126,57,69
S00106697,101,52,49
S00106698,91,42,49
S00106699,107,55,52
S00106700,110,53,57
S00106701,89,46,43
S00106702,99,37,62
S00106703,128,66,62
S00106704,114,55,59
S00106705,57,27,30
S00106706,111,64,47
S00106707,60,27,33
S00106708,95,45,50
S00106709,71,40,31
S00106710,86,38,48
S00106711,157,74,83
S00106712,91,42,49
S00106713,95,47,48
S00106714,155,75,80
S00106715,65,31,34
S00106716,55,29,26
S00106717,99,41,58
S00106718,83,44,39
S00106719,95,47,48
S00106720,132,63,69
S00106721,174,89,85
S00106722,102,49,53
S00106723,71,38,33
S00106724,63,26,37
S00106725,127,75,52
S00106726,93,48,45
S00106727,82,33,49
S00106728,84,43,41
S00106729,62,30,32
S00106730,142,63,79
S00106731,73,29,44
S00106732,57,28,29
S00106733,70,40,30
S00106734,106,53,53
S00106735,85,42,43
S00106736,134,66,68
S00106737,108,58,50
S00106738,118,46,72
S00106739,149,66,83
S00106740,54,24,30
S00106741,67,31,36
S00106742,52,27,25
S00106743,135,58,77
S00106744,100,48,52
S00106745,68,39,29
S00106746,101,52,49
S00106747,75,36,39
S00106748,145,71,74
S00106749,78,36,42
S00106750,71,42,29
S00106751,85,45,40
S00106752,92,37,55
S00106753,116,67,49
S00106754,113,64,49
S00106755,82,51,31
S00106756,76,40,36
S00106757,61,38,23
S00106758,73,38,35
S00106759,71,29,42
S00106760,106,51,55
S00106761,60,29,31
S00106762,93,42,51
S00106763,87,51,36
S00106764,57,29,28
S00106765,60,25,35
S00106766,72,38,34
S00106767,79,40,39
S00106768,56,31,25
S00106769,91,38,53
S00106770,88,41,47
S00106771,111,59,52
S00106772,69,34,35
S00106773,80,52,28
S00106774,104,48,56
S00106775,67,25,42
S00106776,71,33,38
S00106777,75,38,37
S00106778,57,22,35
S00106779,92,42,50
S00106780,117,57,60
S00106781,56,27,29
S00106782,58,26,32
S00106783,103,47,56
S00106784,52,20,32
S00106785,56,34,22
S00106786,97,51,46
S00106787,114,51,63
S00106788,108,50,58
S00106789,75,31,44
S00106790,50,22,28
S00106791,110,49,61
S00106792,91,53,38
S00106793,65,37,28
S00106794,103,48,55
S00106795,95,43,52
S00106796,114,62,52
S00106797,59,26,33
S00106798,77,48,29
S00106799,63,33,30
S00106800,68,41,27
S00106801,70,45,25
S00106802,121,58,63
S00106803,89,45,44
S00106804,62,36,26
S00106805,80,47,33
S00106806,55,37,18
S00106807,83,55,28
S00106808,68,41,27
S00106809,72,50,22
S00106810,67,37,30
S00106811,50,29,21
S00106812,99,51,48
S00106813,59,42,17
S00106814,78,39,39
S00106815,69,45,24
S00106816,61,25,36
S00106817,73,38,35
S00106818,53,19,34
S00106819,108,52,56
S00106820,51,18,33
S00106821,100,45,55
S00106822,79,39,40
S00106823,99,46,53
S00106824,127,60,67
S00106825,123,64,59
S00106826,61,34,27
S00106827,76,40,36
S00106828,63,25,38
S00106829,111,50,61
S00106830,52,21,31
S00106831,99,54,45
S00106832,99,51,48
S00106833,91,48,43
S00106834,114,55,59
S00106835,55,25,30
S00106836,119,58,61
S00106837,70,32,38
S00106838,99,56,43
S00106839,118,66,52
S00106840,149,73,76
S00106841,142,72,70
S00106842,95,46,49
S00106843,72,31,41
S00106844,56,37,19
S00106845,69,39,30
S00106846,124,59,65
S00106847,85,40,45
S00106848,81,44,37
S00106849,140,74,66
S00106850,95,43,52
S00106851,126,60,66
S00106852,53,24,29
S00106853,146,66,80
S00106854,99,46,53
S00106855,86,41,45
S00106856,115,54,61
S00106857,96,46,50
S00106858,107,55,52
S00106859,60,29,31
S00106860,109,62,47
S00106861,115,68,47
S00106862,96,58,38
S00106863,124,63,61
S00106864,101,46,55
S00106865,133,73,60
S00106866,104,52,52
S00106867,142,76,66
S00106868,180,92,88
S00106869,84,41,43
S00106870,115,49,66
S00106871,478,187,291
S00106872,84,51,33
S00106873,268,118,150
S00106874,103,39,64
S00106875,68,37,31
S00106876,51,30,21
S00106877,105,64,41
S00106878,77,39,38
S00106879,181,89,92
S00106880,100,49,51
S00106881,89,43,46
S00106882,120,69,51
S00106883,169,90,79
S00106884,109,43,66
S00106885,96,51,45
S00106886,108,53,55
S00106887,61,31,30
S00106888,76,35,41
S00106889,51,25,26
S00106890,100,44,56
S00106891,106,55,51
S00106892,101,60,41
S00106893,129,70,59
S00106894,131,71,60
S00106895,82,38,44
S00106896,84,39,45
S00106897,97,47,50
S00106898,92,42,50
S00106899,60,24,36
S00106900,92,35,57
S00106901,66,37,29
S00106902,134,76,58
S00106903,78,31,47
S00106904,115,60,55
S00106905,86,51,35
S00106906,82,32,50
S00106907,103,50,53
S00106908,149,80,69
S00106909,118,65,53
S00106910,123,63,60
S00106911,132,69,63
S00106912,108,64,44
S00106913,106,65,41
S00106914,82,41,41
S00106915,83,42,41
S00106916,106,59,47
S00106917,304,149,155
S00106918,110,60,50
S00106919,318,159,159
S00106920,100,56,44
S00106921,138,63,75
S00106922,99,57,42
S00106923,95,45,50
S00106924,428,186,242
S00106925,139,58,81
S00106926,283,94,189
S00106927,101,50,51
S00106928,111,43,68
S00106929,58,28,30
S00106930,78,47,31
S00106931,177,105,72
S00106932,355,178,177
S00106933,80,30,50
S00106934,83,51,32
S00106935,96,42,54
S00106936,77,36,41
S00106937,78,14,64
S00106938,61,34,27
S00106939,68,38,30
S00106940,80,40,40
S00106941,58,24,34
S00106942,111,56,55
S00106943,61,28,33
S00106944,101,43,58
S00106945,86,43,43
S00106946,94,42,52
S00106947,103,56,47
S00106948,92,44,48
S00106949,115,61,54
S00106950,52,24,28
S00106951,91,42,49
S00106952,96,44,52
S00106953,79,38,41
S00106954,116,44,72
S00106955,54,21,33
S00106956,92,39,53
S00106957,137,62,75
S00106958,71,36,35
S00106959,138,70,68
S00106960,108,55,53
S00106961,108,49,59
S00106962,111,63,48
S00106963,135,64,71
S00106964,82,39,43
S00106965,122,52,70
S00106966,116,61,55
S00106967,82,45,37
S00106968,174,87,87
S00106969,142,80,62
S00106970,191,83,108
S00106971,132,58,74
S00106972,123,61,62
S00106973,152,76,76
S00106974,131,67,64
S00106975,133,57,76
S00106976,121,57,64
S00106977,121,56,65
S00106978,101,51,50
S00106979,65,18,47
S00106980,120,58,62
S00106981,104,52,52
S00106982,58,27,31
S00106983,79,41,38
S00106984,103,49,54
S00106985,122,48,74
S00106986,80,28,52
S00106987,91,47,44
S00106988,91,52,39
S00106989,52,30,22
S00106990,54,33,21
S00106991,87,44,43
S00106992,132,47,85
S00106993,77,37,40
S00106994,90,46,44
S00106995,141,70,71
S00106996,136,57,79
S00106997,67,37,30
S00106998,64,29,35
S00106999,118,55,63
S00107000,64,26,38
S00107001,90,52,38
S00107002,87,52,35
S00107003,84,34,50
S00107004,100,55,45
S00107005,130,59,71
S00107006,100,56,44
S00107007,62,36,26
S00107008,162,70,92
S00107009,54,27,27
S00107010,95,49,46
S00107011,72,37,35
S00107012,58,25,33
S00107013,148,93,55
S00107014,150,79,71
S00107015,136,64,72
S00107016,89,39,50
S00107017,66,32,34
S00107018,144,70,74
S00107019,110,60,50
S00107020,59,29,30
S00107021,80,34,46
S00107022,67,32,35
S00107023,69,34,35
S00107024,52,31,21
S00107025,87,45,42
S00107026,63,36,27
S00107027,121,68,53
S00107028,90,43,47
S00107029,75,34,41
S00107030,88,46,42
S00107031,99,60,39
S00107032,162,77,85
S00107033,88,56,32
S00107034,136,69,67
S00107035,91,51,40
S00107036,74,40,34
S00107037,140,77,63
S00107038,83,33,50
S00107039,84,46,38
S00107040,66,33,33
S00107041,91,47,44
S00107042,78,40,38
S00107043,113,44,69
S00107044,69,35,34
S00107045,95,50,45
S00107046,56,29,27
S00107047,130,78,52
S00107048,134,70,64
S00107049,91,41,50
S00107050,118,51,67
S00107051,132,72,60
S00107052,124,70,54
S00107053,134,60,74
S00107054,60,33,27
S00107055,125,63,62
S00107056,134,59,75
S00107057,69,34,35
S00107058,93,51,42
S00107059,86,42,44
S00107060,72,33,39
S00107061,136,69,67
S00107062,84,41,43
S00107063,86,37,49
S00107064,60,30,30
S00107065,121,69,52
S00107066,154,72,82
S00107067,65,26,39
S00107068,62,29,33
S00107069,108,59,49
S00107070,93,41,52
S00107071,92,44,48
S00107072,122,63,59
S00107073,53,32,21
S00107074,138,67,71
S00107075,183,95,88
S00107076,134,70,64
S00107077,114,62,52
S00107078,157,80,77
S00107079,66,43,23
S00107080,104,47,57
S00107081,103,50,53
S00107082,137,77,60
S00107083,126,71,55
S00107084,122,61,61
S00107085,88,49,39
S00107086,103,50,53
S00107087,111,61,50
S00107088,121,59,62
S00107089,108,49,59
S00107090,138,64,74
S00107091,66,33,33
S00107092,101,55,46
S00107093,85,42,43
S00107094,97,46,51
S00107095,88,49,39
S00107096,211,102,109
S00107097,107,60,47
S00107098,106,46,60
S00107099,107,58,49
S00107100,111,53,58
S00107101,74,41,33
S00107102,137,63,74
S00107103,133,72,61
S00107104,129,53,76
S00107105,102,49,53
S00107106,80,36,44
S00107107,204,96,108
S00107108,73,28,45
S00107109,68,34,34
S00107110,111,62,49
S00107111,111,60,51
S00107112,114,62,52
S00107113,66,33,33
S00107114,94,38,56
S00107115,74,28,46
S00107116,135,63,72
S00107117,88,36,52
S00107118,85,43,42
S00107119,109,51,58
S00107120,98,44,54
S00107121,54,24,30
S00107122,132,58,74
S00107123,59,27,32
S00107124,83,39,44
S00107125,70,38,32
S00107126,70,38,32
S00107127,123,58,65
S00107128,95,58,37
S00107129,176,87,89
S00107130,111,61,50
S00107131,81,39,42
S00107132,158,79,79
S00107133,75,32,43
S00107134,112,60,52
S00107135,121,66,55
S00107136,78,36,42
S00107137,51,25,26
S00107138,107,48,59
S00107139,132,66,66
S00107140,85,39,46
S00107141,74,36,38
S00107142,72,37,35
S00107143,79,40,39
S00107144,90,38,52
S00107145,74,39,35
S00107146,67,32,35
S00107147,56,26,30
S00107148,158,73,85
S00107149,77,46,31
S00107150,67,37,30
S00107151,54,24,30
S00107152,77,46,31
S00107153,73,38,35
S00107154,61,31,30
S00107155,89,47,42
S00107156,121,58,63
S00107157,111,57,54
S00107158,82,44,38
S00107159,86,39,47
S00107160,105,61,44
S00107161,103,54,49
S00107162,148,76,72
S00107163,103,54,49
S00107164,61,28,33
S00107165,162,75,87
S00107166,61,32,29
S00107167,56,27,29
S00107168,60,33,27
S00107169,89,42,47
S00107170,58,26,32
S00107171,117,59,58
S00107172,74,44,30
S00107173,94,45,49
S00107174,107,55,52
S00107175,140,64,76
S00107176,90,40,50
S00107177,76,30,46
S00107178,61,31,30
S00107179,88,30,58
S00107180,119,66,53
S00107181,63,26,37
S00107182,139,75,64
S00107183,54,27,27
S00107184,161,70,91
S00107185,134,66,68
S00107186,135,72,63
S00107187,185,93,92
S00107188,169,88,81
S00107189,75,34,41
S00107190,126,65,61
S00107191,93,47,46
S00107192,105,51,54
S00107193,65,33,32
S00107194,142,70,72
S00107195,57,26,31
S00107196,57,25,32
S00107197,59,23,36
S00107198,79,38,41
S00107199,139,66,73
S00107200,85,46,39
S00107201,89,56,33
S00107202,70,27,43
S00107203,155,108,47
S00107204,89,43,46
S00107205,65,43,22
S00107206,84,44,40
S00107207,84,39,45
S00107208,152,66,86
S00107209,104,59,45
S00107210,112,52,60
S00107211,89,50,39
S00107212,81,36,45
S00107213,98,50,48
S00107214,139,67,72
S00107215,200,85,115
S00107216,88,39,49
S00107217,122,53,69
S00107218,234,91,143
S00107219,148,60,88
S00107220,115,53,62
S00107221,76,38,38
S00107222,108,55,53
S00107223,131,62,69
S00107224,81,40,41
S00107225,66,33,33
S00107226,73,45,28
S00107227,104,50,54
S00107228,257,108,149
S00107229,58,31,27
S00107230,113,51,62
S00107231,194,80,114
S00107232,88,50,38
S00107233,134,75,59
S00107234,99,44,55
S00107235,82,46,36
S00107236,91,44,47
S00107237,149,63,86
S00107238,150,47,103
S00107239,100,39,61
S00107240,94,23,71
S00107241,154,58,96
S00107242,115,51,64
S00107243,98,46,52
S00107244,83,44,39
S00107245,136,50,86
S00107246,138,63,75
S00107247,155,73,82
S00107248,155,67,88
S00107249,133,69,64
S00107250,98,50,48
S00107251,97,29,68
S00107252,82,41,41
S00107253,175,71,104
S00107254,97,43,54
S00107255,62,29,33
S00107256,165,76,89
S00107257,83,43,40
S00107258,60,20,40
S00107259,101,46,55
S00107260,54,16,38
S00107261,109,43,66
S00107262,63,28,35
S00107263,56,22,34
S00107264,105,50,55
S00107265,97,45,52
S00107266,86,48,38
S00107267,111,58,53
S00107268,138,71,67
S00107269,80,40,40
S00107270,149,70,79
S00107271,137,63,74
S00107272,99,48,51
S00107273,69,34,35
S00107274,60,15,45
S00107275,84,26,58
S00107276,125,60,65
S00107277,81,41,40
S00107278,139,76,63
S00107279,77,37,40
S00107280,128,63,65
S00107281,351,205,146
S00107282,138,67,71
S00107283,63,26,37
S00107284,143,75,68
S00107285,121,69,52
S00107286,162,88,74
S00107287,82,41,41
S00107288,129,57,72
S00107289,115,55,60
S00107290,78,40,38
S00107291,115,62,53
S00107292,110,55,55
S00107293,95,48,47
S00107294,192,95,97
S00107295,164,87,77
S00107296,178,91,87
S00107297,185,97,88
S00107298,92,47,45
S00107299,112,59,53
S00107300,92,53,39
S00107301,153,87,66
S00107302,91,43,48
S00107303,76,45,31
S00107304,87,48,39
S00107305,104,54,50
S00107306,56,27,29
S00107307,79,35,44
S00107308,197,81,116
S00107309,126,71,55
S00107310,121,66,55
S00107311,108,52,56
S00107312,75,37,38
S00107313,149,81,68
S00107314,57,33,24
S00107315,88,40,48
S00107316,71,40,31
S00107317,91,45,46
S00107318,124,62,62
S00107319,78,37,41
S00107320,94,42,52
S00107321,75,36,39
S00107322,127,72,55
S00107323,66,36,30
S00107324,127,77,50
S00107325,124,61,63
S00107326,131,61,70
S00107327,134,84,50
S00107328,97,55,42
S00107329,64,34,30
S00107330,108,71,37
S00107331,77,36,41
S00107332,98,48,50
S00107333,99,52,47
S00107334,139,85,54
S00107335,71,40,31
S00107336,68,24,44
S00107337,113,60,53
S00107338,105,55,50
S00107339,67,36,31
S00107340,98,52,46
S00107341,118,61,57
S00107342,69,33,36
S00107343,106,47,59
S00107344,167,77,90
S00107345,85,43,42
S00107346,62,28,34
S00107347,87,39,48
S00107348,74,36,38
S00107349,108,43,65
S00107350,132,61,71
S00107351,57,27,30
S00107352,50,25,25
S00107353,86,42,44
S00107354,123,75,48
S00107355,101,59,42
S00107356,107,52,55
S00107357,125,67,58
S00107358,60,29,31
S00107359,55,23,32
S00107360,107,50,57
S00107361,99,38,61
S00107362,92,42,50
S00107363,99,50,49
S00107364,97,43,54
S00107365,97,54,43
S00107366,115,59,56
S00107367,76,27,49
S00107368,80,23,57
S00107369,78,40,38
S00107370,117,69,48
S00107371,72,32,40
S00107372,113,51,62
S00107373,134,68,66
S00107374,126,65,61
S00107375,93,54,39
S00107376,107,49,58
S00107377,71,46,25
S00107378,58,30,28
S00107379,79,46,33
S00107380,59,28,31
S00107381,117,51,66
S00107382,121,57,64
S00107383,65,28,37
S00107384,194,62,132
S00107385,104,48,56
S00107386,110,56,54
S00107387,55,24,31
S00107388,107,47,60
S00107389,63,30,33
S00107390,87,43,44
S00107391,119,61,58
S00107392,82,33,49
S00107393,110,57,53
S00107394,133,61,72
S00107395,92,48,44
S00107396,145,66,79
S00107397,54,31,23
S00107398,113,58,55
S00107399,56,28,28
S00107400,92,50,42
S00107401,73,37,36
S00107402,183,94,89
S00107403,126,61,65
S00107404,82,42,40
S00107405,117,56,61
S00107406,111,51,60
S00107407,156,81,75
S00107408,122,59,63
S00107409,169,70,99
S00107410,115,62,53
S00107411,146,76,70
S00107412,83,39,44
S00107413,98,44,54
S00107414,64,30,34
S00107415,92,48,44
S00107416,84,42,42
S00107417,145,64,81
S00107418,83,30,53
S00107419,265,137,128
S00107420,202,102,100
S00107421,124,63,61
S00107422,267,138,129
S00107423,125,61,64
S00107424,74,35,39
S00107425,66,31,35
S00107426,88,35,53
S00107427,145,66,79
S00107428,85,42,43
S00107429,72,30,42
S00107430,106,50,56
S00107431,121,53,68
S00107432,122,58,64
S00107433,104,52,52
S00107434,54,28,26
S00107435,160,84,76
S00107436,125,64,61
S00107437,101,49,52
S00107438,211,101,110
S00107439,82,35,47
S00107440,165,81,84
S00107441,190,94,96
S00107442,57,31,26
S00107443,105,54,51
S00107444,279,142,137
S00107445,66,28,38
S00107446,68,39,29
S00107447,60,31,29
S00107448,181,81,100
S00107449,122,55,67
S00107450,150,79,71
S00107451,113,55,58
S00107452,110,51,59
S00107453,150,72,78
S00107454,223,109,114
S00107455,82,34,48
S00107456,80,41,39
S00107457,115,52,63
S00107458,140,67,73
S00107459,125,64,61
S00107460,95,41,54
S00107461,85,42,43
S00107462,88,40,48
S00107463,179,101,78
S00107464,132,67,65
S00107465,143,74,69
S00107466,164,80,84
S00107467,84,39,45
S00107468,64,24,40
S00107469,91,42,49
S00107470,82,37,45
S00107471,114,56,58
S00107472,93,36,57
S00107473,99,43,56
S00107474,92,43,49
S00107475,119,56,63
S00107476,92,43,49
S00107477,54,22,32
S00107478,96,47,49
S00107479,123,59,64
S00107480,94,44,50
S00107481,111,44,67
S00107482,145,70,75
S00107483,150,65,85
S00107484,79,38,41
S00107485,114,62,52
S00107486,68,25,43
S00107487,139,69,70
S00107488,256,115,141
S00107489,122,48,74
S00107490,88,44,44
S00107491,143,68,75
S00107492,93,41,52
S00107493,148,66,82
S00107494,70,34,36
S00107495,93,53,40
S00107496,189,92,97
S00107497,106,46,60
S00107498,66,30,36
S00107499,114,55,59
S00107500,109,44,65
S00107501,160,78,82
S00107502,54,32,22
S00107503,127,54,73
S00107504,80,47,33
S00107505,166,76,90
S00107506,109,59,50
S00107507,162,85,77
S00107508,153,69,84
S00107509,130,56,74
S00107510,69,29,40
S00107511,102,45,57
S00107512,141,61,80
S00107513,90,48,42
S00107514,144,60,84
S00107515,69,39,30
S00107516,85,31,54
S00107517,92,42,50
S00107518,187,82,105
S00107519,100,54,46
S00107520,197,99,98
S00107521,136,64,72
S00107522,126,66,60
S00107523,187,95,92
S00107524,173,82,91
S00107525,160,78,82
S00107526,111,49,62
S00107527,61,29,32
S00107528,79,33,46
S00107529,100,49,51
S00107530,200,95,105
S00107531,109,52,57
S00107532,117,51,66
S00107533,126,59,67
S00107534,179,98,81
S00107535,148,74,74
S00107536,89,46,43
S00107537,117,49,68
S00107538,67,34,33
S00107539,82,33,49
S00107540,119,58,61
S00107541,127,61,66
S00107542,157,70,87
S00107543,154,80,74
S00107544,141,71,70
S00107545,103,50,53
S00107546,147,76,71
S00107547,155,79,76
S00107548,86,37,49
S00107549,68,38,30
S00107550,164,74,90
S00107551,57,28,29
S00107552,170,81,89
S00107553,66,27,39
S00107554,153,65,88
S00107555,146,69,77
S00107556,95,43,52
S00107557,112,54,58
S00107558,121,63,58
S00107559,151,72,79
S00107560,116,60,56
S00107561,148,74,74
S00107562,89,43,46
S00107563,150,79,71
S00107564,68,31,37
S00107565,136,76,60
S00107566,142,72,70
S00107567,63,29,34
S00107568,123,53,70
S00107569,156,68,88
S00107570,247,121,126
S00107571,181,87,94
S00107572,87,41,46
S00107573,176,84,92
S00107574,166,81,85
S00107575,108,49,59
S00107576,133,62,71
S00107577,109,52,57
S00107578,164,76,88
S00107579,144,72,72
S00107580,85,39,46
S00107581,73,41,32
S00107582,156,75,81
S00107583,118,59,59
S00107584,74,41,33
S00107585,87,42,45
S00107586,151,84,67
S00107587,65,34,31
S00107588,94,49,45
S00107589,117,58,59
S00107590,122,61,61
S00107591,80,46,34
S00107592,98,50,48
S00107593,140,60,80
S00107594,128,69,59
S00107595,86,32,54
S00107596,82,45,37
S00107597,108,50,58
S00107598,73,34,39
S00107599,125,63,62
S00107600,93,47,46
S00107601,125,62,63
S00107602,102,52,50
S00107603,145,78,67
S00107604,263,146,117
S00107605,261,139,122
S00107606,145,75,70
S00107607,104,60,44
S00107608,104,62,42
S00107609,100,62,38
S00107610,145,65,80
S00107611,111,57,54
S00107612,88,38,50
S00107613,176,93,83
S00107614,84,41,43
S00107615,92,43,49
S00107616,94,45,49
S00107617,199,100,99
S00107618,98,48,50
S00107619,190,94,96
S00107620,105,54,51
S00107621,89,45,44
S00107622,87,49,38
S00107623,79,42,37
S00107624,103,58,45